Ready..
[ 3.55833333e+02  3.36000000e+02 -4.50464422e-03  3.54701767e+02
  3.29775639e+02 -1.54581595e+02]
[ 3.56666667e+02  3.35666667e+02 -4.93266725e-03  3.55444908e+02
  3.29053888e+02 -1.55698333e+02]
[ 3.56666667e+02  3.35833333e+02 -5.09524667e-03  3.55806770e+02
  3.28732624e+02 -1.55336559e+02]
[ 3.57666667e+02  3.35666667e+02 -5.33072315e-03  3.56425667e+02
  3.28498077e+02 -1.53579544e+02]
[ 3.58166667e+02  3.35166667e+02 -5.46415448e-03  3.57266617e+02
  3.27607985e+02 -1.54851750e+02]
[ 3.58833333e+02  3.35333333e+02 -5.40066295e-03  3.57867622e+02
  3.28284903e+02 -1.53791483e+02]
[ 3.59333333e+02  3.35000000e+02 -5.35468365e-03  3.58365898e+02
  3.27458439e+02 -1.54484633e+02]
[ 3.60166667e+02  3.34166667e+02 -5.46268768e-03  3.59107857e+02
  3.25651903e+02 -1.54428832e+02]
[ 3.60500000e+02  3.34000000e+02 -5.40815530e-03  3.59532700e+02
  3.25281773e+02 -1.54626846e+02]
[ 3.60500000e+02  3.33666667e+02 -5.56488574e-03  3.59882545e+02
  3.24965630e+02 -1.54951092e+02]
[ 3.60000000e+02  3.34333333e+02 -5.57193216e-03  3.59226036e+02
  3.25382967e+02 -1.55763321e+02]
[ 3.60000000e+02  3.35500000e+02 -5.48088108e-03  3.60072861e+02
  3.26625996e+02 -1.55616447e+02]
[ 3.60000000e+02  3.37166667e+02 -5.13536547e-03  3.59823456e+02
  3.28389931e+02 -1.55292906e+02]
[ 3.60000000e+02  3.39166667e+02 -5.11135250e-03  3.59452477e+02
  3.30606365e+02 -1.54558841e+02]
[ 3.60000000e+02  3.39833333e+02 -4.67884149e-03  3.59407196e+02
  3.31852369e+02 -1.56861898e+02]
[ 3.60000000e+02  3.39833333e+02 -4.79501924e-03  3.59602470e+02
  3.31594305e+02 -1.58445060e+02]
[ 3.59833333e+02  3.39000000e+02 -5.22113171e-03  3.58831825e+02
  3.30720062e+02 -1.57816686e+02]
[ 3.60333333e+02  3.38166667e+02 -5.50868578e-03  3.59362068e+02
  3.28111095e+02 -1.59164619e+02]
[ 3.60333333e+02  3.36833333e+02 -5.41000258e-03  3.59962463e+02
  3.26987286e+02 -1.59117457e+02]
[ 3.60000000e+02  3.36833333e+02 -5.24654869e-03  3.59530258e+02
  3.26818457e+02 -1.60181355e+02]
[ 3.60000000e+02  3.36666667e+02 -5.27741968e-03  3.59167252e+02
  3.26705475e+02 -1.59665521e+02]
[ 3.59333333e+02  3.37333333e+02 -5.50122031e-03  3.58935585e+02
  3.27616081e+02 -1.58085085e+02]
[ 3.57833333e+02  3.37166667e+02 -5.63243253e-03  3.57474174e+02
  3.27507534e+02 -1.57374680e+02]
[ 3.56500000e+02  3.37166667e+02 -5.54987371e-03  3.54254303e+02
  3.26763639e+02 -1.58240117e+02]
[ 3.53833333e+02  3.37166667e+02 -5.06693350e-03  3.51504593e+02
  3.27705917e+02 -1.55307367e+02]
[ 3.51666667e+02  3.37166667e+02 -5.16451131e-03  3.48117905e+02
  3.27870140e+02 -1.52732760e+02]
[ 3.47500000e+02  3.36333333e+02 -5.58337880e-03  3.42365685e+02
  3.27625866e+02 -1.53423082e+02]
[ 3.43166667e+02  3.35333333e+02 -5.64687823e-03  3.37740784e+02
  3.26166630e+02 -1.50115136e+02]
[ 3.38166667e+02  3.34666667e+02 -5.16583270e-03  3.31060448e+02
  3.25157347e+02 -1.51975270e+02]
[ 3.32666667e+02  3.33500000e+02 -5.22555304e-03  3.23849182e+02
  3.23806744e+02 -1.46412414e+02]
[ 3.29000000e+02  3.32666667e+02 -5.67896427e-03  3.18851528e+02
  3.22128611e+02 -1.43397454e+02]
[ 3.24833333e+02  3.31666667e+02 -5.66370351e-03  3.12477493e+02
  3.20788193e+02 -1.40414134e+02]
[ 3.21500000e+02  3.30833333e+02 -6.00422996e-03  3.08626385e+02
  3.19112892e+02 -1.35245852e+02]
[ 3.17833333e+02  3.30333333e+02 -5.72174586e-03  3.03596840e+02
  3.18809710e+02 -1.33730561e+02]
[ 3.15500000e+02  3.29666667e+02 -5.95215273e-03  3.00658150e+02
  3.16961775e+02 -1.28428347e+02]
[ 3.12666667e+02  3.29333333e+02 -6.04389329e-03  2.96638317e+02
  3.17324238e+02 -1.23558797e+02]
[ 3.10166667e+02  3.29166667e+02 -6.66083659e-03  2.93076305e+02
  3.16699505e+02 -1.19946912e+02]
[ 3.07000000e+02  3.29000000e+02 -7.13148278e-03  2.90454330e+02
  3.17146139e+02 -1.15310624e+02]
[ 3.04666667e+02  3.28333333e+02 -7.34928297e-03  2.87981453e+02
  3.16392632e+02 -1.11954086e+02]
[ 3.02166667e+02  3.28166667e+02 -7.80657384e-03  2.84422836e+02
  3.16269007e+02 -1.12791594e+02]
[ 3.00000000e+02  3.27666667e+02 -7.72713994e-03  2.82123833e+02
  3.16655016e+02 -1.05510749e+02]
[ 2.97833333e+02  3.27166667e+02 -7.90885867e-03  2.79465027e+02
  3.16189327e+02 -1.04642708e+02]
[ 2.94000000e+02  3.27333333e+02 -7.94302439e-03  2.73901463e+02
  3.16636677e+02 -1.02746051e+02]
[ 2.92666667e+02  3.27000000e+02 -9.00414897e-03  2.71728878e+02
  3.16180830e+02 -9.73193608e+01]
[ 2.90500000e+02  3.26500000e+02 -8.92754582e-03  2.69309540e+02
  3.15710135e+02 -9.80863161e+01]
[ 2.89000000e+02  3.26333333e+02 -9.03465459e-03  2.66737633e+02
  3.15346699e+02 -9.30485353e+01]
[ 2.87833333e+02  3.27166667e+02 -9.63081652e-03  2.66172600e+02
  3.15391989e+02 -9.15987119e+01]
[ 2.85166667e+02  3.26833333e+02 -8.68815463e-03  2.60651665e+02
  3.17174664e+02 -8.92171282e+01]
[ 2.84000000e+02  3.27333333e+02 -8.85445780e-03  2.59312248e+02
  3.18215418e+02 -9.09411013e+01]
[ 2.83500000e+02  3.25333333e+02 -8.77956860e-03  2.58421135e+02
  3.16926241e+02 -8.50047525e+01]
[ 2.83500000e+02  3.25500000e+02 -7.63622578e-03  2.58559761e+02
  3.16017494e+02 -9.57791694e+01]
[ 2.81666667e+02  3.26333333e+02 -7.55516595e-03  2.55337143e+02
  3.16531076e+02 -9.16302726e+01]
[ 2.82500000e+02  3.25333333e+02 -8.53228724e-03  2.59302082e+02
  3.16918488e+02 -8.19632336e+01]
[ 2.82833333e+02  3.25833333e+02 -7.73322179e-03  2.57207394e+02
  3.16055517e+02 -9.17211771e+01]
[ 2.82000000e+02  3.26000000e+02 -7.73251150e-03  2.56525974e+02
  3.16945238e+02 -8.78998172e+01]
[ 2.82000000e+02  3.26166667e+02 -7.85997851e-03  2.57935867e+02
  3.17958269e+02 -8.56136139e+01]
[ 2.84833333e+02  3.25000000e+02 -7.84724765e-03  2.60490646e+02
  3.14380760e+02 -9.08018779e+01]
[ 2.82166667e+02  3.25666667e+02 -7.68383996e-03  2.56885567e+02
  3.15983706e+02 -8.81460663e+01]
[ 2.84166667e+02  3.25833333e+02 -7.96469860e-03  2.59254761e+02
  3.15934267e+02 -9.11255646e+01]
[ 2.85000000e+02  3.26000000e+02 -8.86016308e-03  2.61256371e+02
  3.14905128e+02 -8.61225128e+01]
[ 2.85333333e+02  3.25833333e+02 -8.97328168e-03  2.62473450e+02
  3.15324554e+02 -8.88840146e+01]
[ 2.85000000e+02  3.26833333e+02 -9.15697465e-03  2.62583294e+02
  3.16004505e+02 -9.26997028e+01]
[ 2.87333333e+02  3.26333333e+02 -9.18358983e-03  2.65789509e+02
  3.14601774e+02 -9.75252315e+01]
[ 2.90833333e+02  3.26166667e+02 -9.20170654e-03  2.70635471e+02
  3.14638395e+02 -9.71463583e+01]
[ 2.92166667e+02  3.27000000e+02 -8.45315820e-03  2.72693577e+02
  3.17055559e+02 -9.84958783e+01]
[ 2.97000000e+02  3.26333333e+02 -8.76651735e-03  2.77448616e+02
  3.15705900e+02 -1.01244595e+02]
[ 2.99666667e+02  3.25666667e+02 -8.41503249e-03  2.80592136e+02
  3.14993677e+02 -1.04874518e+02]
[ 3.02500000e+02  3.25666667e+02 -7.91759059e-03  2.83904743e+02
  3.14650927e+02 -1.07758887e+02]
[ 3.05666667e+02  3.25000000e+02 -7.59660173e-03  2.88418083e+02
  3.13198614e+02 -1.09142136e+02]
[ 3.10000000e+02  3.24833333e+02 -7.05465209e-03  2.93463669e+02
  3.13256607e+02 -1.14906605e+02]
[ 3.13833333e+02  3.24833333e+02 -6.43806858e-03  2.97800827e+02
  3.12207785e+02 -1.18300628e+02]
[ 3.17166667e+02  3.24500000e+02 -6.49740050e-03  3.03066063e+02
  3.12281284e+02 -1.27701927e+02]
[ 3.20333333e+02  3.25166667e+02 -6.14961819e-03  3.07734261e+02
  3.13598814e+02 -1.34752482e+02]
[ 3.24500000e+02  3.24833333e+02 -6.52297555e-03  3.13175583e+02
  3.13733139e+02 -1.38550825e+02]
[ 3.28833333e+02  3.24333333e+02 -6.68509539e-03  3.18407841e+02
  3.13794651e+02 -1.42623637e+02]
[ 3.32333333e+02  3.24666667e+02 -6.61189598e-03  3.23348427e+02
  3.13683500e+02 -1.45217691e+02]
[ 3.36333333e+02  3.24500000e+02 -6.65305656e-03  3.28246994e+02
  3.14292727e+02 -1.47455603e+02]
[ 3.39000000e+02  3.24666667e+02 -6.96385838e-03  3.31671791e+02
  3.14430742e+02 -1.49845351e+02]
[ 3.42500000e+02  3.25000000e+02 -6.95713392e-03  3.36156502e+02
  3.15768929e+02 -1.49958864e+02]
[ 3.45166667e+02  3.24833333e+02 -7.25266123e-03  3.39635086e+02
  3.14743910e+02 -1.50431380e+02]
[ 3.47833333e+02  3.24666667e+02 -6.78485528e-03  3.43222275e+02
  3.14906588e+02 -1.52142707e+02]
[ 3.50333333e+02  3.24166667e+02 -7.18882711e-03  3.46834030e+02
  3.13449612e+02 -1.52451597e+02]
[ 3.54500000e+02  3.24166667e+02 -6.53710533e-03  3.52380028e+02
  3.14194765e+02 -1.52614541e+02]
[ 3.59833333e+02  3.24166667e+02 -6.47797013e-03  3.59754562e+02
  3.14764595e+02 -1.51883394e+02]
[ 3.65166667e+02  3.23666667e+02 -6.90163548e-03  3.66893463e+02
  3.13340664e+02 -1.51063554e+02]
[ 3.70333333e+02  3.23166667e+02 -6.68722176e-03  3.73329086e+02
  3.13776741e+02 -1.50479905e+02]
[ 3.76166667e+02  3.23666667e+02 -6.48289286e-03  3.80544090e+02
  3.14165983e+02 -1.47740386e+02]
[ 3.81666667e+02  3.23333333e+02 -6.30490746e-03  3.87863274e+02
  3.14323711e+02 -1.43854916e+02]
[ 3.87166667e+02  3.22500000e+02 -6.83194325e-03  3.94166870e+02
  3.12825079e+02 -1.39519852e+02]
[ 3.92166667e+02  3.22500000e+02 -6.62546120e-03  4.00459099e+02
  3.12206182e+02 -1.38239354e+02]
[ 3.97333333e+02  3.22166667e+02 -6.75719526e-03  4.07218933e+02
  3.12011318e+02 -1.35446269e+02]
[ 4.01666667e+02  3.21833333e+02 -7.34645780e-03  4.13526230e+02
  3.11798143e+02 -1.30097050e+02]
[ 4.06333333e+02  3.21666667e+02 -7.68157607e-03  4.19333305e+02
  3.10368118e+02 -1.26653921e+02]
[ 4.11333333e+02  3.21833333e+02 -8.28547512e-03  4.25426559e+02
  3.09282331e+02 -1.19916111e+02]
[ 4.16000000e+02  3.21000000e+02 -8.48883282e-03  4.32501869e+02
  3.08960238e+02 -1.11330371e+02]
[ 4.18833333e+02  3.20500000e+02 -8.99629854e-03  4.35411148e+02
  3.07085094e+02 -1.05804093e+02]
[ 4.20833333e+02  3.20166667e+02 -9.23330197e-03  4.38389969e+02
  3.06727438e+02 -1.03506859e+02]
[ 4.24666667e+02  3.20166667e+02 -9.24314031e-03  4.42283440e+02
  3.07840834e+02 -9.80960838e+01]
[ 4.28000000e+02  3.21166667e+02 -8.86045381e-03  4.45893860e+02
  3.08987389e+02 -9.40582864e+01]
[ 4.32000000e+02  3.21333333e+02 -8.67181427e-03  4.51276207e+02
  3.09227772e+02 -9.07886792e+01]
[ 4.35500000e+02  3.21000000e+02 -8.11977033e-03  4.57160072e+02
  3.08413467e+02 -8.28384440e+01]
[ 4.37833333e+02  3.20333333e+02 -7.83535000e-03  4.59877167e+02
  3.09287739e+02 -8.14021435e+01]
[ 4.40333333e+02  3.20500000e+02 -7.76976409e-03  4.62954559e+02
  3.09062347e+02 -7.72084314e+01]
[ 4.43666667e+02  3.20333333e+02 -7.53885942e-03  4.67375107e+02
  3.08250246e+02 -7.43088461e+01]
[ 4.46166667e+02  3.21500000e+02 -6.90328268e-03  4.72486801e+02
  3.12765799e+02 -6.70794323e+01]
[ 4.47333333e+02  3.21000000e+02 -7.44815512e-03  4.73300285e+02
  3.10949650e+02 -6.25429843e+01]
[ 4.49166667e+02  3.22833333e+02 -7.23366191e-03  4.73539696e+02
  3.11398945e+02 -6.07042015e+01]
[ 4.49000000e+02  3.27833333e+02 -6.58592923e-03  4.75283775e+02
  3.21712990e+02 -5.88581879e+01]
[ 4.35000000e+02  3.31000000e+02 -7.52791141e-03  4.55290222e+02
  3.29047737e+02 -7.20657427e+01]
[ 4.33000000e+02  3.25833333e+02 -8.34492423e-03  4.52563667e+02
  3.22476311e+02 -7.75327329e+01]
[ 4.29666667e+02  3.27000000e+02 -8.06519839e-03  4.50709686e+02
  3.24191236e+02 -7.90471751e+01]
[ 4.28000000e+02  3.26000000e+02 -7.79291972e-03  4.47947273e+02
  3.21668386e+02 -8.02908763e+01]
[ 4.26166667e+02  3.22000000e+02 -9.01866099e-03  4.46351204e+02
  3.12992935e+02 -8.35984480e+01]
[ 4.21666667e+02  3.18166667e+02 -8.63136149e-03  4.39820480e+02
  3.05888615e+02 -9.93928872e+01]
[ 4.16333333e+02  3.16000000e+02 -9.78544937e-03  4.32993546e+02
  3.01943893e+02 -1.09292004e+02]
[ 4.10833333e+02  3.16666667e+02 -8.65673864e-03  4.25363846e+02
  3.03436718e+02 -1.18323315e+02]
[ 4.06000000e+02  3.16666667e+02 -8.48320018e-03  4.19039841e+02
  3.04065485e+02 -1.20917067e+02]
[ 4.00000000e+02  3.16833333e+02 -7.84456078e-03  4.11184082e+02
  3.04081392e+02 -1.28176756e+02]
[ 3.93833333e+02  3.17000000e+02 -7.32665016e-03  4.03160934e+02
  3.05377550e+02 -1.37122672e+02]
[ 3.87500000e+02  3.17166667e+02 -7.02928536e-03  3.95415001e+02
  3.05698786e+02 -1.39638785e+02]
[ 3.81500000e+02  3.18000000e+02 -6.93383087e-03  3.87939529e+02
  3.06762600e+02 -1.42219763e+02]
[ 3.75333333e+02  3.18833333e+02 -7.01484859e-03  3.79736252e+02
  3.06923075e+02 -1.46188091e+02]
[ 3.70333333e+02  3.19500000e+02 -6.85485460e-03  3.73257332e+02
  3.07486696e+02 -1.46475725e+02]
[ 3.65333333e+02  3.19833333e+02 -6.80637243e-03  3.67447128e+02
  3.08740482e+02 -1.44985177e+02]
[ 3.60666667e+02  3.20666667e+02 -6.56928479e-03  3.61118507e+02
  3.09571524e+02 -1.48623280e+02]
[ 3.56666667e+02  3.21500000e+02 -6.71231824e-03  3.56042938e+02
  3.09428072e+02 -1.48808174e+02]
[ 3.52833333e+02  3.21833333e+02 -6.76738292e-03  3.51077538e+02
  3.10450716e+02 -1.48506872e+02]
[ 3.50166667e+02  3.22833333e+02 -7.03169972e-03  3.48170090e+02
  3.11065207e+02 -1.48443919e+02]
[ 3.48833333e+02  3.23333333e+02 -7.13891835e-03  3.46840897e+02
  3.11734886e+02 -1.50381178e+02]
[ 3.48666667e+02  3.23500000e+02 -7.04109067e-03  3.46288910e+02
  3.12032089e+02 -1.50165718e+02]
[ 3.48833333e+02  3.23666667e+02 -7.18964978e-03  3.46702118e+02
  3.12599688e+02 -1.50191512e+02]
[ 3.50000000e+02  3.23833333e+02 -7.17354659e-03  3.47665482e+02
  3.12430716e+02 -1.51145808e+02]
[ 3.51000000e+02  3.23500000e+02 -7.13956519e-03  3.49630966e+02
  3.12237310e+02 -1.50047254e+02]
[ 3.52666667e+02  3.22500000e+02 -6.96563181e-03  3.51059151e+02
  3.11960220e+02 -1.48079898e+02]
[ 3.54166667e+02  3.21833333e+02 -7.20327844e-03  3.53177299e+02
  3.11198416e+02 -1.46108910e+02]
[ 3.55500000e+02  3.19666667e+02 -7.50575867e-03  3.54546165e+02
  3.08912773e+02 -1.45456631e+02]
[ 3.56000000e+02  3.16333333e+02 -7.57062932e-03  3.55321808e+02
  3.05615530e+02 -1.43087894e+02]
[ 3.57000000e+02  3.12500000e+02 -8.63965244e-03  3.56594925e+02
  3.00421829e+02 -1.42509408e+02]
[ 3.57833333e+02  3.07833333e+02 -9.11572219e-03  3.57819939e+02
  2.94913473e+02 -1.41535766e+02]
[ 3.59000000e+02  3.03000000e+02 -1.02052869e-02  3.59071617e+02
  2.88374033e+02 -1.36828545e+02]
[ 3.58500000e+02  2.98000000e+02 -1.12797643e-02  3.58875427e+02
  2.81319695e+02 -1.35185122e+02]
[ 3.58500000e+02  2.92833333e+02 -1.19118684e-02  3.58387985e+02
  2.76274624e+02 -1.30952261e+02]
[ 3.58000000e+02  2.88166667e+02 -1.33092105e-02  3.57530365e+02
  2.69455576e+02 -1.27375938e+02]
[ 3.57666667e+02  2.82833333e+02 -1.40975152e-02  3.56573334e+02
  2.63481159e+02 -1.25090562e+02]
[ 3.57166667e+02  2.78500000e+02 -1.41902904e-02  3.56103668e+02
  2.58694410e+02 -1.25784907e+02]
[ 3.57000000e+02  2.74666667e+02 -1.50521857e-02  3.55343628e+02
  2.53348532e+02 -1.24219257e+02]
[ 3.56833333e+02  2.70000000e+02 -1.53119465e-02  3.55536346e+02
  2.48210506e+02 -1.18174732e+02]
[ 3.56666667e+02  2.67666667e+02 -1.58048055e-02  3.55533752e+02
  2.44686298e+02 -1.17239557e+02]
[ 3.56666667e+02  2.65166667e+02 -1.59918343e-02  3.55597954e+02
  2.42268105e+02 -1.16433173e+02]
[ 3.56833333e+02  2.63166667e+02 -1.66892130e-02  3.56000748e+02
  2.38901925e+02 -1.17357306e+02]
[ 3.56833333e+02  2.61666667e+02 -1.66215338e-02  3.55283623e+02
  2.37363153e+02 -1.14038229e+02]
[ 3.56500000e+02  2.59333333e+02 -1.66272906e-02  3.55308571e+02
  2.34875550e+02 -1.10047806e+02]
[ 3.56500000e+02  2.58666667e+02 -1.64827084e-02  3.54851303e+02
  2.34329982e+02 -1.11875083e+02]
[ 3.57666667e+02  2.57333333e+02 -1.64392088e-02  3.56386948e+02
  2.33436670e+02 -1.10301644e+02]
[ 3.57500000e+02  2.55666667e+02 -1.64825146e-02  3.55537872e+02
  2.31661992e+02 -1.07820399e+02]
[ 3.58333333e+02  2.55833333e+02 -1.63466365e-02  3.56834717e+02
  2.31517038e+02 -1.08210113e+02]
[ 3.57833333e+02  2.55000000e+02 -1.67727557e-02  3.56075401e+02
  2.29736409e+02 -1.06572166e+02]
[ 3.58000000e+02  2.54833333e+02 -1.67773174e-02  3.56607056e+02
  2.28925853e+02 -1.07563801e+02]
[ 3.57833333e+02  2.54333333e+02 -1.69476761e-02  3.56235771e+02
  2.29709144e+02 -1.06937896e+02]
[ 3.57500000e+02  2.54166667e+02 -1.67145741e-02  3.55991974e+02
  2.29397120e+02 -1.07314825e+02]
[ 3.57666667e+02  2.54333333e+02 -1.70564614e-02  3.55712509e+02
  2.29901533e+02 -1.06355611e+02]
[ 3.57666667e+02  2.55166667e+02 -1.68994845e-02  3.55737038e+02
  2.30200210e+02 -1.07161358e+02]
[ 3.57166667e+02  2.54833333e+02 -1.66853958e-02  3.54876595e+02
  2.29791341e+02 -1.05613153e+02]
[ 3.57166667e+02  2.55166667e+02 -1.59088330e-02  3.55168304e+02
  2.32584271e+02 -1.08039178e+02]
[ 3.57500000e+02  2.55333333e+02 -1.63571903e-02  3.55378990e+02
  2.32082491e+02 -1.08486649e+02]
[ 3.56666667e+02  2.56166667e+02 -1.60613519e-02  3.54101486e+02
  2.33163242e+02 -1.09127440e+02]
[ 3.57000000e+02  2.56500000e+02 -1.63774677e-02  3.54672585e+02
  2.32080259e+02 -1.08828943e+02]
[ 3.57000000e+02  2.56833333e+02 -1.66239006e-02  3.55689621e+02
  2.32005229e+02 -1.09000862e+02]
[ 3.56833333e+02  2.57500000e+02 -1.64986805e-02  3.54483109e+02
  2.33537664e+02 -1.10782318e+02]
[ 3.57333333e+02  2.59000000e+02 -1.65021537e-02  3.55631752e+02
  2.33095980e+02 -1.10195529e+02]
[ 3.57166667e+02  2.60166667e+02 -1.63452495e-02  3.55030251e+02
  2.35986471e+02 -1.14036307e+02]
[ 3.57333333e+02  2.62500000e+02 -1.61594575e-02  3.55271797e+02
  2.39643030e+02 -1.16741147e+02]
[ 3.58500000e+02  2.64833333e+02 -1.59520997e-02  3.56423836e+02
  2.41796494e+02 -1.14496719e+02]
[ 3.59666667e+02  2.67500000e+02 -1.54087531e-02  3.58573494e+02
  2.44950800e+02 -1.18785258e+02]
[ 3.61166667e+02  2.70833333e+02 -1.41288294e-02  3.60260162e+02
  2.50266380e+02 -1.23452894e+02]
[ 3.62333333e+02  2.74833333e+02 -1.28615710e-02  3.62354927e+02
  2.55883770e+02 -1.25592470e+02]
[ 3.63000000e+02  2.79833333e+02 -1.25161627e-02  3.62651520e+02
  2.60616474e+02 -1.27010912e+02]
[ 3.64333333e+02  2.84666667e+02 -1.12152298e-02  3.64769936e+02
  2.67424650e+02 -1.28385745e+02]
[ 3.65333333e+02  2.89833333e+02 -1.08960255e-02  3.66070824e+02
  2.72803431e+02 -1.31558787e+02]
[ 3.66500000e+02  2.94666667e+02 -9.72826406e-03  3.67045021e+02
  2.79204655e+02 -1.31439473e+02]
[ 3.66666667e+02  3.00000000e+02 -8.81818915e-03  3.68184891e+02
  2.85010214e+02 -1.33361109e+02]
[ 3.66833333e+02  3.05333333e+02 -7.42791065e-03  3.68075218e+02
  2.93049459e+02 -1.34849612e+02]
[ 3.67666667e+02  3.10833333e+02 -6.53351137e-03  3.69674950e+02
  3.00105000e+02 -1.33861676e+02]
[ 3.68500000e+02  3.15666667e+02 -5.51304285e-03  3.70210495e+02
  3.07323961e+02 -1.34403538e+02]
[ 3.69166667e+02  3.21333333e+02 -5.16460995e-03  3.71290817e+02
  3.13612947e+02 -1.35096285e+02]
[ 3.70000000e+02  3.26833333e+02 -3.91878987e-03  3.72292709e+02
  3.21306295e+02 -1.36216398e+02]
[ 3.70666667e+02  3.31666667e+02 -2.45917020e-03  3.73640366e+02
  3.28723612e+02 -1.36450220e+02]
[ 3.71500000e+02  3.37166667e+02 -1.81360147e-03  3.75376167e+02
  3.35434713e+02 -1.36426125e+02]
[ 3.73000000e+02  3.41333333e+02 -8.45205861e-04  3.77770195e+02
  3.42585869e+02 -1.34625200e+02]
[ 3.74000000e+02  3.46166667e+02 -1.23864350e-04  3.79055099e+02
  3.48458633e+02 -1.38140660e+02]
[ 3.74166667e+02  3.50666667e+02  1.44513883e-03  3.79213257e+02
  3.54608774e+02 -1.36426862e+02]
[ 3.74666667e+02  3.55500000e+02  2.27074434e-03  3.79937401e+02
  3.60876875e+02 -1.33920852e+02]
[ 3.74500000e+02  3.60333333e+02  2.83916962e-03  3.79723473e+02
  3.65912647e+02 -1.34696703e+02]
[ 3.74666667e+02  3.65666667e+02  4.30139841e-03  3.78913040e+02
  3.75709276e+02 -1.28733996e+02]
[ 3.73333333e+02  3.71166667e+02  6.17933642e-03  3.77812538e+02
  3.82006130e+02 -1.20907020e+02]
[ 3.73333333e+02  3.75500000e+02  7.39502527e-03  3.77921104e+02
  3.85535660e+02 -1.19039811e+02]
[ 3.73833333e+02  3.81000000e+02  7.94434361e-03  3.78246994e+02
  3.91953220e+02 -1.13119304e+02]
[ 3.73666667e+02  3.84833333e+02  8.20419402e-03  3.79276695e+02
  3.96827660e+02 -1.10059630e+02]
[ 3.74000000e+02  3.90166667e+02  8.94435037e-03  3.79021111e+02
  4.02340593e+02 -1.08347889e+02]
[ 3.73166667e+02  3.95500000e+02  9.72614329e-03  3.78482018e+02
  4.09042826e+02 -1.03368290e+02]
[ 3.74333333e+02  4.02000000e+02  8.98603575e-03  3.80725365e+02
  4.15335588e+02 -9.76292789e+01]
[ 3.64500000e+02  4.19666667e+02  8.47763537e-03  3.67187996e+02
  4.32964497e+02 -9.67662334e+01]
[ 3.69666667e+02  4.14166667e+02  9.06551365e-03  3.72810135e+02
  4.27569294e+02 -9.65011083e+01]
[ 3.69666667e+02  3.78500000e+02  7.07995247e-03  3.70389938e+02
  3.79968796e+02 -1.09330025e+02]
[ 3.70000000e+02  3.94333333e+02  9.06298698e-03  3.73592186e+02
  4.02444019e+02 -1.06357656e+02]
[ 3.71500000e+02  3.94833333e+02  8.22129675e-03  3.73729744e+02
  4.08027363e+02 -1.08645033e+02]
[ 3.71833333e+02  3.89833333e+02  7.67140719e-03  3.74580498e+02
  4.01047468e+02 -1.09393593e+02]
[ 3.70833333e+02  3.86000000e+02  7.30622218e-03  3.73904076e+02
  3.97764502e+02 -1.16965525e+02]
[ 3.69833333e+02  3.81500000e+02  6.77245522e-03  3.72993889e+02
  3.93957796e+02 -1.21967643e+02]
[ 3.70333333e+02  3.76833333e+02  6.76132677e-03  3.73747253e+02
  3.88945827e+02 -1.20749094e+02]
[ 3.69833333e+02  3.71333333e+02  5.75043474e-03  3.73372841e+02
  3.82706623e+02 -1.24480974e+02]
[ 3.69333333e+02  3.65833333e+02  4.43188096e-03  3.72919998e+02
  3.75098047e+02 -1.27572186e+02]
[ 3.68500000e+02  3.60000000e+02  3.48098434e-03  3.71924820e+02
  3.67764587e+02 -1.30379286e+02]
[ 3.68333333e+02  3.54333333e+02  1.71072412e-03  3.71853294e+02
  3.59907789e+02 -1.32562548e+02]
[ 3.67666667e+02  3.47333333e+02  1.22095731e-03  3.70251427e+02
  3.52889986e+02 -1.29596494e+02]
[ 3.67000000e+02  3.40666667e+02 -3.25384744e-04  3.68983192e+02
  3.43894873e+02 -1.36331107e+02]
[ 3.66166667e+02  3.34500000e+02 -1.34840522e-03  3.67716637e+02
  3.35664310e+02 -1.39850903e+02]
[ 3.65833333e+02  3.29833333e+02 -2.78144834e-03  3.67077446e+02
  3.28773937e+02 -1.42336551e+02]
[ 3.64833333e+02  3.24833333e+02 -3.34888541e-03  3.66650085e+02
  3.21618433e+02 -1.46269977e+02]
[ 3.63833333e+02  3.20500000e+02 -4.03645040e-03  3.65328484e+02
  3.16443071e+02 -1.45671666e+02]
[ 3.62833333e+02  3.16000000e+02 -4.49318677e-03  3.63802261e+02
  3.10712500e+02 -1.46279041e+02]
[ 3.62333333e+02  3.12500000e+02 -5.13040024e-03  3.63200722e+02
  3.05448704e+02 -1.46298207e+02]
[ 3.61666667e+02  3.09166667e+02 -6.05687825e-03  3.62738113e+02
  3.01176167e+02 -1.45910472e+02]
[ 3.61500000e+02  3.06666667e+02 -6.43570946e-03  3.62348061e+02
  2.98034449e+02 -1.44782111e+02]
[ 3.61333333e+02  3.04166667e+02 -6.91098580e-03  3.62758751e+02
  2.95280027e+02 -1.43029477e+02]
[ 3.61500000e+02  3.02000000e+02 -6.98156577e-03  3.62416840e+02
  2.92810106e+02 -1.41918987e+02]
[ 3.61333333e+02  3.00500000e+02 -7.09579117e-03  3.62041779e+02
  2.90951185e+02 -1.41322229e+02]
[ 3.61000000e+02  2.99333333e+02 -7.30176200e-03  3.61540070e+02
  2.89491234e+02 -1.41278978e+02]
[ 3.61666667e+02  2.98500000e+02 -7.55839647e-03  3.62124443e+02
  2.88075857e+02 -1.39811911e+02]
[ 3.61666667e+02  2.97333333e+02 -7.59477727e-03  3.62699738e+02
  2.86534538e+02 -1.38472985e+02]
[ 3.61500000e+02  2.96833333e+02 -7.54988333e-03  3.61848488e+02
  2.86225319e+02 -1.39096688e+02]
[ 3.61500000e+02  2.96333333e+02 -7.48968396e-03  3.62094841e+02
  2.85889578e+02 -1.38410490e+02]
[ 3.61666667e+02  2.96333333e+02 -7.53653996e-03  3.62522812e+02
  2.85519133e+02 -1.37613896e+02]
[ 3.62166667e+02  2.95833333e+02 -7.44494990e-03  3.63135910e+02
  2.85246906e+02 -1.38556380e+02]
[ 3.62000000e+02  2.95500000e+02 -7.62480140e-03  3.62739220e+02
  2.84461184e+02 -1.38236895e+02]
[ 3.61833333e+02  2.95166667e+02 -7.61472674e-03  3.62702065e+02
  2.84011774e+02 -1.38315775e+02]
[ 3.61833333e+02  2.94666667e+02 -7.87322347e-03  3.62359695e+02
  2.83398256e+02 -1.38948899e+02]
[ 3.61666667e+02  2.93833333e+02 -7.93837306e-03  3.62528267e+02
  2.82480326e+02 -1.38501003e+02]
[ 3.61500000e+02  2.93000000e+02 -8.12596145e-03  3.61925697e+02
  2.81723013e+02 -1.36990651e+02]
[ 3.61666667e+02  2.92000000e+02 -8.05211719e-03  3.62569847e+02
  2.80717449e+02 -1.37028437e+02]
[ 3.60833333e+02  2.91666667e+02 -7.71072949e-03  3.61105881e+02
  2.80285263e+02 -1.36219773e+02]
[ 3.60000000e+02  2.91000000e+02 -7.83511205e-03  3.59394989e+02
  2.79350195e+02 -1.36875294e+02]
[ 3.59166667e+02  2.91000000e+02 -7.81997674e-03  3.58056870e+02
  2.78471918e+02 -1.37335606e+02]
[ 3.57833333e+02  2.90666667e+02 -7.72947608e-03  3.56305275e+02
  2.78256683e+02 -1.38523880e+02]
[ 3.56166667e+02  2.90666667e+02 -8.04151245e-03  3.53934059e+02
  2.77545118e+02 -1.36619624e+02]
[ 3.54166667e+02  2.90833333e+02 -8.13389725e-03  3.51434631e+02
  2.77746220e+02 -1.36734344e+02]
[ 3.51666667e+02  2.91666667e+02 -8.20173843e-03  3.48494301e+02
  2.78764887e+02 -1.37778237e+02]
[ 3.49833333e+02  2.93500000e+02 -7.94307996e-03  3.46845741e+02
  2.81149063e+02 -1.37015462e+02]
[ 3.47833333e+02  2.95333333e+02 -7.63071709e-03  3.44139366e+02
  2.83890352e+02 -1.37508720e+02]
[ 3.45833333e+02  2.96666667e+02 -7.36884276e-03  3.42573891e+02
  2.85809669e+02 -1.34672575e+02]
[ 3.44666667e+02  2.98166667e+02 -7.03446668e-03  3.40948296e+02
  2.87942877e+02 -1.38069324e+02]
[ 3.43333333e+02  2.99833333e+02 -6.54289053e-03  3.39432335e+02
  2.89789467e+02 -1.36531010e+02]
[ 3.43166667e+02  3.00166667e+02 -6.53295421e-03  3.39490356e+02
  2.90033226e+02 -1.37193359e+02]
[ 3.42333333e+02  3.00666667e+02 -6.17612111e-03  3.38251190e+02
  2.90679960e+02 -1.36634991e+02]
[ 3.42166667e+02  3.01166667e+02 -6.26196732e-03  3.38112984e+02
  2.91147995e+02 -1.35671463e+02]
[ 3.42166667e+02  3.01666667e+02 -6.24022113e-03  3.38223839e+02
  2.92143803e+02 -1.35949686e+02]
[ 3.43000000e+02  3.01833333e+02 -5.90584730e-03  3.38651199e+02
  2.92718639e+02 -1.38452914e+02]
[ 3.43500000e+02  3.02333333e+02 -5.58206218e-03  3.39830589e+02
  2.93744745e+02 -1.38709076e+02]
[ 3.45166667e+02  3.01833333e+02 -6.01030931e-03  3.41760635e+02
  2.93357506e+02 -1.41205531e+02]
[ 3.46833333e+02  3.01666667e+02 -6.05155169e-03  3.43455887e+02
  2.93133030e+02 -1.42425813e+02]
[ 3.47833333e+02  3.01333333e+02 -6.00412472e-03  3.44370728e+02
  2.92139339e+02 -1.41244557e+02]
[ 3.49500000e+02  3.00500000e+02 -6.39379587e-03  3.46384544e+02
  2.91234741e+02 -1.42796997e+02]
[ 3.50833333e+02  2.99833333e+02 -6.40925098e-03  3.47947311e+02
  2.89940329e+02 -1.39893305e+02]
[ 3.53333333e+02  2.98666667e+02 -6.60250937e-03  3.50913887e+02
  2.88791542e+02 -1.39064971e+02]
[ 3.54833333e+02  2.98333333e+02 -6.64439898e-03  3.52246590e+02
  2.88392458e+02 -1.38482329e+02]
[ 3.56500000e+02  2.97666667e+02 -6.73752697e-03  3.54253426e+02
  2.87451496e+02 -1.38840415e+02]
[ 3.58166667e+02  2.97500000e+02 -6.83221516e-03  3.56228981e+02
  2.87031898e+02 -1.39219422e+02]
[ 3.59833333e+02  2.96833333e+02 -7.23043364e-03  3.58393631e+02
  2.85977526e+02 -1.38614293e+02]
[ 3.61666667e+02  2.96500000e+02 -7.34839519e-03  3.60527267e+02
  2.85804148e+02 -1.37424756e+02]
[ 3.62666667e+02  2.96666667e+02 -7.66516764e-03  3.61665077e+02
  2.85594120e+02 -1.39026605e+02]
[ 3.64166667e+02  2.96333333e+02 -7.45921582e-03  3.63275337e+02
  2.84604349e+02 -1.37393206e+02]
[ 3.66166667e+02  2.96166667e+02 -7.69174277e-03  3.65299225e+02
  2.84123154e+02 -1.37971144e+02]
[ 3.67500000e+02  2.96000000e+02 -7.59926625e-03  3.67514534e+02
  2.84071026e+02 -1.37199048e+02]
[ 3.69666667e+02  2.96000000e+02 -8.10629005e-03  3.69423904e+02
  2.83035336e+02 -1.36891689e+02]
[ 3.71333333e+02  2.96000000e+02 -8.08207737e-03  3.71389732e+02
  2.83571606e+02 -1.35858938e+02]
[ 3.73166667e+02  2.95666667e+02 -8.04453871e-03  3.74643250e+02
  2.83595638e+02 -1.35529216e+02]
[ 3.75500000e+02  2.95333333e+02 -8.15567048e-03  3.77071991e+02
  2.82485733e+02 -1.36006828e+02]
[ 3.77666667e+02  2.95166667e+02 -8.29947491e-03  3.79703102e+02
  2.82732153e+02 -1.36287097e+02]
[ 3.79500000e+02  2.95000000e+02 -8.36106126e-03  3.82821960e+02
  2.82251501e+02 -1.36536341e+02]
[ 3.81500000e+02  2.94833333e+02 -8.90466136e-03  3.84941025e+02
  2.81449556e+02 -1.36840168e+02]
[ 3.83666667e+02  2.95000000e+02 -8.80977760e-03  3.88079376e+02
  2.81016054e+02 -1.36864811e+02]
[ 3.85833333e+02  2.95833333e+02 -8.73278175e-03  3.90932312e+02
  2.82081385e+02 -1.38772387e+02]
[ 3.88166667e+02  2.96666667e+02 -8.52911966e-03  3.94288788e+02
  2.83594322e+02 -1.38471823e+02]
[ 3.90500000e+02  2.97166667e+02 -8.55758848e-03  3.97168427e+02
  2.84110193e+02 -1.38953570e+02]
[ 3.93500000e+02  2.98333333e+02 -8.73331601e-03  4.01068840e+02
  2.84924326e+02 -1.39162648e+02]
[ 3.96333333e+02  2.99000000e+02 -8.85524896e-03  4.04905968e+02
  2.85898676e+02 -1.39712747e+02]
[ 3.99333333e+02  3.00833333e+02 -8.48075623e-03  4.07906532e+02
  2.89078588e+02 -1.38719548e+02]
[ 4.02666667e+02  3.02166667e+02 -8.47241841e-03  4.11119156e+02
  2.90920343e+02 -1.39593590e+02]
[ 4.05333333e+02  3.04333333e+02 -8.52163462e-03  4.14552994e+02
  2.93223896e+02 -1.39196388e+02]
[ 4.08500000e+02  3.06666667e+02 -8.64618163e-03  4.17789230e+02
  2.96381092e+02 -1.39843505e+02]
[ 4.12000000e+02  3.09666667e+02 -8.32285282e-03  4.21539307e+02
  2.99916973e+02 -1.40296854e+02]
[ 4.14833333e+02  3.12833333e+02 -8.47948265e-03  4.25356407e+02
  3.03455915e+02 -1.39790945e+02]
[ 4.17333333e+02  3.15500000e+02 -8.33696399e-03  4.28039703e+02
  3.07139711e+02 -1.39202815e+02]
[ 4.19500000e+02  3.18166667e+02 -7.98630885e-03  4.30014076e+02
  3.10378389e+02 -1.38982784e+02]
[ 4.20833333e+02  3.19833333e+02 -8.21211996e-03  4.31299133e+02
  3.12779102e+02 -1.38997726e+02]
[ 4.22666667e+02  3.21833333e+02 -7.89500781e-03  4.33440323e+02
  3.15307903e+02 -1.39177691e+02]
[ 4.23333333e+02  3.23500000e+02 -8.08512970e-03  4.34468117e+02
  3.17543936e+02 -1.37970362e+02]
[ 4.23833333e+02  3.24666667e+02 -7.85819348e-03  4.34974785e+02
  3.18931618e+02 -1.35049079e+02]
[ 4.24166667e+02  3.26166667e+02 -7.58189999e-03  4.34899254e+02
  3.20967722e+02 -1.36640523e+02]
[ 4.24666667e+02  3.26833333e+02 -7.56814168e-03  4.35577354e+02
  3.21624784e+02 -1.36148315e+02]
[ 4.24833333e+02  3.27000000e+02 -8.00004570e-03  4.35809326e+02
  3.21669188e+02 -1.36903256e+02]
[ 4.24666667e+02  3.27500000e+02 -8.02757149e-03  4.35645370e+02
  3.21539240e+02 -1.37321737e+02]
[ 4.24500000e+02  3.27500000e+02 -7.92519709e-03  4.35535698e+02
  3.21863508e+02 -1.38001632e+02]
[ 4.24166667e+02  3.27500000e+02 -7.73523321e-03  4.34458542e+02
  3.21645870e+02 -1.37659002e+02]
[ 4.23833333e+02  3.27166667e+02 -7.74399835e-03  4.33819656e+02
  3.21350241e+02 -1.38420917e+02]
[ 4.23500000e+02  3.26333333e+02 -8.15065500e-03  4.33351898e+02
  3.20123034e+02 -1.38585873e+02]
[ 4.22333333e+02  3.25500000e+02 -8.28940747e-03  4.32230988e+02
  3.19342489e+02 -1.38398688e+02]
[ 4.21500000e+02  3.24833333e+02 -8.26593069e-03  4.31880569e+02
  3.18409309e+02 -1.38787363e+02]
[ 4.20333333e+02  3.24166667e+02 -8.15065904e-03  4.29990921e+02
  3.18044386e+02 -1.37968473e+02]
[ 4.18500000e+02  3.23166667e+02 -8.16385122e-03  4.28091202e+02
  3.16554995e+02 -1.39467593e+02]
[ 4.16500000e+02  3.22166667e+02 -7.83574441e-03  4.26219788e+02
  3.15885544e+02 -1.38406064e+02]
[ 4.14500000e+02  3.21000000e+02 -7.73381225e-03  4.23775940e+02
  3.14339790e+02 -1.36435311e+02]
[ 4.12666667e+02  3.20333333e+02 -7.58827043e-03  4.21755257e+02
  3.13010874e+02 -1.37112390e+02]
[ 4.09500000e+02  3.18333333e+02 -7.15193657e-03  4.18370743e+02
  3.11187057e+02 -1.38583951e+02]
[ 4.06666667e+02  3.17500000e+02 -7.38668162e-03  4.15035400e+02
  3.09596272e+02 -1.37856413e+02]
[ 4.04000000e+02  3.16333333e+02 -7.03926542e-03  4.12139893e+02
  3.08572454e+02 -1.37220841e+02]
[ 4.00833333e+02  3.14500000e+02 -6.77011439e-03  4.08394203e+02
  3.06749411e+02 -1.40045140e+02]
[ 3.98000000e+02  3.13333333e+02 -6.71752540e-03  4.04628677e+02
  3.05263510e+02 -1.39042173e+02]
[ 3.95000000e+02  3.11833333e+02 -6.35331066e-03  4.01008034e+02
  3.03236017e+02 -1.40019100e+02]
[ 3.92333333e+02  3.10166667e+02 -6.01455139e-03  3.97901115e+02
  3.02025976e+02 -1.38571255e+02]
[ 3.89333333e+02  3.08333333e+02 -6.19342515e-03  3.94614601e+02
  2.99448080e+02 -1.39620837e+02]
[ 3.87000000e+02  3.06833333e+02 -5.70097830e-03  3.91423492e+02
  2.98353395e+02 -1.39147215e+02]
[ 3.84333333e+02  3.05666667e+02 -6.03816964e-03  3.88742523e+02
  2.95828371e+02 -1.38399515e+02]
[ 3.81666667e+02  3.04833333e+02 -6.14328981e-03  3.85787697e+02
  2.95086679e+02 -1.39148567e+02]
[ 3.79333333e+02  3.04166667e+02 -5.99756490e-03  3.82877769e+02
  2.94613266e+02 -1.37924943e+02]
[ 3.77000000e+02  3.03833333e+02 -6.25905870e-03  3.80092812e+02
  2.94530067e+02 -1.39115732e+02]
[ 3.74333333e+02  3.04000000e+02 -5.91022496e-03  3.77449875e+02
  2.94676895e+02 -1.36758897e+02]
[ 3.72166667e+02  3.04000000e+02 -5.98812297e-03  3.74501839e+02
  2.94918480e+02 -1.37663350e+02]
[ 3.70000000e+02  3.03666667e+02 -5.74481010e-03  3.72525368e+02
  2.94801264e+02 -1.36072330e+02]
[ 3.68000000e+02  3.03500000e+02 -5.67774052e-03  3.70271988e+02
  2.94502344e+02 -1.35494661e+02]
[ 3.66166667e+02  3.03166667e+02 -5.42422015e-03  3.68579407e+02
  2.94397345e+02 -1.34894382e+02]
[ 3.64333333e+02  3.02833333e+02 -5.44624690e-03  3.66751976e+02
  2.94043722e+02 -1.33218370e+02]
[ 3.63166667e+02  3.02666667e+02 -5.30498889e-03  3.64964027e+02
  2.94322071e+02 -1.32029917e+02]
[ 3.61666667e+02  3.02666667e+02 -5.53595515e-03  3.63863220e+02
  2.94243221e+02 -1.30191576e+02]
[ 3.60666667e+02  3.02333333e+02 -5.75059090e-03  3.62463036e+02
  2.93351469e+02 -1.29396737e+02]
[ 3.60000000e+02  3.02333333e+02 -5.28517369e-03  3.61661530e+02
  2.93858843e+02 -1.27599411e+02]
[ 3.59000000e+02  3.02666667e+02 -5.56085107e-03  3.60457191e+02
  2.93605442e+02 -1.26745854e+02]
[ 3.58833333e+02  3.03333333e+02 -5.31046166e-03  3.60023804e+02
  2.94442692e+02 -1.25922740e+02]
[ 3.58000000e+02  3.04333333e+02 -5.28553823e-03  3.59143829e+02
  2.96320353e+02 -1.22743372e+02]
[ 3.58000000e+02  3.06000000e+02 -5.16679604e-03  3.59222794e+02
  2.98010101e+02 -1.20339107e+02]
[ 3.56833333e+02  3.08000000e+02 -5.13630566e-03  3.58750496e+02
  3.00454588e+02 -1.18322700e+02]
[ 3.55666667e+02  3.09833333e+02 -4.80246928e-03  3.57313652e+02
  3.02708931e+02 -1.16963491e+02]
[ 3.54833333e+02  3.11833333e+02 -4.37749968e-03  3.56356964e+02
  3.04803486e+02 -1.14925627e+02]
[ 3.53500000e+02  3.13333333e+02 -4.41513214e-03  3.54987869e+02
  3.06445084e+02 -1.12228487e+02]
[ 3.52000000e+02  3.15333333e+02 -4.18087065e-03  3.53162575e+02
  3.09295607e+02 -1.10172607e+02]
[ 3.50666667e+02  3.17000000e+02 -4.21469029e-03  3.51828804e+02
  3.10375385e+02 -1.09264869e+02]
[ 3.49333333e+02  3.19166667e+02 -4.07724946e-03  3.50566559e+02
  3.12369061e+02 -1.06818192e+02]
[ 3.47166667e+02  3.20666667e+02 -3.99095652e-03  3.47783623e+02
  3.14381132e+02 -1.05916824e+02]
[ 3.45166667e+02  3.22333333e+02 -3.75835291e-03  3.46809616e+02
  3.16265287e+02 -1.03048123e+02]
[ 3.43666667e+02  3.23833333e+02 -3.55034899e-03  3.44643784e+02
  3.18655586e+02 -9.98263992e+01]
[ 3.42666667e+02  3.25666667e+02 -3.22593169e-03  3.43739319e+02
  3.20428190e+02 -9.75009017e+01]
[ 3.41833333e+02  3.27500000e+02 -3.07689151e-03  3.43210068e+02
  3.22929039e+02 -9.30337105e+01]
[ 3.41000000e+02  3.30333333e+02 -2.98588579e-03  3.41959572e+02
  3.25828543e+02 -9.10245012e+01]
[ 3.41166667e+02  3.32833333e+02 -3.35931002e-03  3.42229614e+02
  3.28412189e+02 -8.74584485e+01]
[ 3.41500000e+02  3.34833333e+02 -3.18878767e-03  3.42337875e+02
  3.30342236e+02 -8.74342639e+01]
[ 3.42500000e+02  3.36500000e+02 -3.23346749e-03  3.43270836e+02
  3.32438335e+02 -8.52236040e+01]
[ 3.43333333e+02  3.37333333e+02 -2.90476211e-03  3.43847466e+02
  3.33669691e+02 -8.56356919e+01]
[ 3.44000000e+02  3.38333333e+02 -2.61892192e-03  3.44471550e+02
  3.34614887e+02 -8.36663526e+01]
[ 3.45000000e+02  3.38666667e+02 -2.74729008e-03  3.45405769e+02
  3.35059147e+02 -8.25955253e+01]
[ 3.45666667e+02  3.38833333e+02 -2.69212422e-03  3.46114922e+02
  3.35301447e+02 -8.13025888e+01]
[ 3.46000000e+02  3.39166667e+02 -2.34587937e-03  3.46520119e+02
  3.36109343e+02 -7.92625789e+01]
[ 3.46500000e+02  3.39666667e+02 -2.43974642e-03  3.47229118e+02
  3.36162672e+02 -7.75100403e+01]
[ 3.45833333e+02  3.40333333e+02 -2.26632142e-03  3.46782265e+02
  3.37320213e+02 -7.65052512e+01]
[ 3.45166667e+02  3.40833333e+02 -2.34903143e-03  3.46238937e+02
  3.37336521e+02 -7.50135127e+01]
[ 3.44333333e+02  3.41333333e+02 -2.52749080e-03  3.45157166e+02
  3.37917910e+02 -7.28967469e+01]
[ 3.42166667e+02  3.41666667e+02 -2.42041165e-03  3.42833786e+02
  3.38225756e+02 -7.34037906e+01]
[ 3.40666667e+02  3.41500000e+02 -2.49756910e-03  3.41409187e+02
  3.38009548e+02 -7.23455306e+01]
[ 3.38500000e+02  3.41500000e+02 -2.41780178e-03  3.39582520e+02
  3.38457670e+02 -7.20368531e+01]
[ 3.36166667e+02  3.42000000e+02 -2.57764886e-03  3.37116280e+02
  3.38171024e+02 -7.23047107e+01]
[ 3.33333333e+02  3.42166667e+02 -2.64675322e-03  3.34140244e+02
  3.38718052e+02 -7.08056856e+01]
[ 3.31333333e+02  3.42500000e+02 -2.35711616e-03  3.32408867e+02
  3.39616985e+02 -6.95940256e+01]
[ 3.28833333e+02  3.42666667e+02 -2.46205391e-03  3.29366875e+02
  3.39908152e+02 -6.93523195e+01]
[ 3.26500000e+02  3.43166667e+02 -2.23157604e-03  3.27570000e+02
  3.40377703e+02 -6.84652571e+01]
[ 3.24333333e+02  3.43500000e+02 -2.31428687e-03  3.25536041e+02
  3.40824909e+02 -6.77163899e+01]
[ 3.22500000e+02  3.43666667e+02 -2.26970520e-03  3.23416939e+02
  3.41286507e+02 -6.72311056e+01]
[ 3.20500000e+02  3.44000000e+02 -2.11283107e-03  3.21598930e+02
  3.41321039e+02 -6.67247269e+01]
[ 3.18666667e+02  3.44333333e+02 -2.25982697e-03  3.19001179e+02
  3.41525574e+02 -6.71706777e+01]
[ 3.17000000e+02  3.44500000e+02 -2.31321132e-03  3.17570934e+02
  3.41995668e+02 -6.56390917e+01]
[ 3.15500000e+02  3.45333333e+02 -2.16665528e-03  3.15963917e+02
  3.42790403e+02 -6.55027572e+01]
[ 3.14500000e+02  3.45666667e+02 -2.30426106e-03  3.15092621e+02
  3.43106461e+02 -6.49337992e+01]
[ 3.13166667e+02  3.46333333e+02 -2.42883902e-03  3.13393555e+02
  3.43337774e+02 -6.46700822e+01]
[ 3.11500000e+02  3.46833333e+02 -2.26694345e-03  3.11613369e+02
  3.44181662e+02 -6.53657299e+01]
[ 3.10333333e+02  3.46833333e+02 -2.52168063e-03  3.10426197e+02
  3.44114971e+02 -6.41222354e+01]
[ 3.09166667e+02  3.47333333e+02 -2.39904798e-03  3.09248543e+02
  3.44688320e+02 -6.42879121e+01]
[ 3.08000000e+02  3.47833333e+02 -2.13116323e-03  3.08394470e+02
  3.45480738e+02 -6.24857247e+01]
[ 3.07166667e+02  3.48166667e+02 -2.28353930e-03  3.07386189e+02
  3.45584049e+02 -6.23161923e+01]
[ 3.06000000e+02  3.48333333e+02 -1.97463193e-03  3.05651703e+02
  3.46195049e+02 -6.28633853e+01]
[ 3.05333333e+02  3.48666667e+02 -2.11442888e-03  3.04945812e+02
  3.46043873e+02 -6.25828542e+01]
[ 3.04333333e+02  3.48833333e+02 -2.02911503e-03  3.04257793e+02
  3.46523666e+02 -6.26545139e+01]
[ 3.03833333e+02  3.48833333e+02 -2.19986101e-03  3.03845634e+02
  3.46453056e+02 -6.19521048e+01]
[ 3.03000000e+02  3.49000000e+02 -2.18503060e-03  3.02997112e+02
  3.46932964e+02 -6.07766435e+01]
[ 3.02000000e+02  3.48833333e+02 -2.06734491e-03  3.01624241e+02
  3.47195606e+02 -6.06273115e+01]
[ 3.01000000e+02  3.48833333e+02 -1.97754558e-03  3.00789509e+02
  3.46834888e+02 -6.22469969e+01]
[ 3.00166667e+02  3.48666667e+02 -2.31580469e-03  2.99761448e+02
  3.46135082e+02 -6.20627236e+01]
[ 2.99333333e+02  3.48000000e+02 -2.29936003e-03  2.99008598e+02
  3.45605021e+02 -6.03257306e+01]
[ 2.98333333e+02  3.47500000e+02 -2.41333922e-03  2.97425995e+02
  3.44802818e+02 -6.14388529e+01]
[ 2.97000000e+02  3.47000000e+02 -2.48299451e-03  2.95739307e+02
  3.44379215e+02 -6.03850912e+01]
[ 2.95833333e+02  3.46500000e+02 -2.12574374e-03  2.94086380e+02
  3.44774437e+02 -6.00075927e+01]
[ 2.94166667e+02  3.46000000e+02 -2.55533005e-03  2.92477760e+02
  3.43667250e+02 -5.99422082e+01]
[ 2.92000000e+02  3.45500000e+02 -2.67982908e-03  2.89492378e+02
  3.42542496e+02 -5.93194440e+01]
[ 2.89000000e+02  3.45000000e+02 -2.43834247e-03  2.85534191e+02
  3.41187515e+02 -5.74085824e+01]
[ 2.86166667e+02  3.44333333e+02 -2.37311337e-03  2.80195770e+02
  3.40541639e+02 -5.44881653e+01]
[ 2.82500000e+02  3.44000000e+02 -2.79509571e-03  2.76247578e+02
  3.38959808e+02 -5.37625607e+01]
[ 2.79000000e+02  3.43666667e+02 -2.55403505e-03  2.71870155e+02
  3.39875593e+02 -4.56657596e+01]
[ 2.75500000e+02  3.43833333e+02 -2.37831613e-03  2.66019115e+02
  3.41111898e+02 -4.38289829e+01]
[ 2.73666667e+02  3.43666667e+02 -2.29254660e-03  2.64515190e+02
  3.40317278e+02 -4.35811607e+01]
[ 2.72833333e+02  3.43000000e+02 -3.14405343e-03  2.63815994e+02
  3.37372484e+02 -4.30132952e+01]
[ 2.75666667e+02  3.41000000e+02 -2.71619298e-03  2.67590866e+02
  3.36343918e+02 -4.64551589e+01]
[ 3.06500000e+02  3.46500000e+02 -1.81235321e-03  3.09423828e+02
  3.44479637e+02 -6.73870649e+01]
[ 3.09500000e+02  3.42500000e+02 -2.55822452e-03  3.11966457e+02
  3.40143728e+02 -6.24887031e+01]
[ 3.11666667e+02  3.41833333e+02 -2.89414780e-03  3.15189037e+02
  3.38973198e+02 -5.81897255e+01]
[ 3.13166667e+02  3.41666667e+02 -2.91400156e-03  3.16287804e+02
  3.38106651e+02 -5.64907473e+01]
[ 3.15166667e+02  3.41333333e+02 -2.97745511e-03  3.19328403e+02
  3.37308683e+02 -5.68896197e+01]
[ 3.16333333e+02  3.41666667e+02 -2.77268198e-03  3.20308990e+02
  3.38232365e+02 -5.59261087e+01]
[ 3.17333333e+02  3.41333333e+02 -2.71950468e-03  3.22016182e+02
  3.37901545e+02 -5.55411223e+01]
[ 3.17666667e+02  3.41500000e+02 -2.36598651e-03  3.23123016e+02
  3.38369007e+02 -5.49819209e+01]
[ 3.18000000e+02  3.41333333e+02 -2.52466152e-03  3.23318558e+02
  3.37944775e+02 -5.59942033e+01]
[ 3.18666667e+02  3.41500000e+02 -2.38744441e-03  3.23606491e+02
  3.38317652e+02 -5.61536495e+01]
[ 3.18666667e+02  3.41666667e+02 -2.73542777e-03  3.23741302e+02
  3.37908010e+02 -5.58921508e+01]
[ 3.19333333e+02  3.41500000e+02 -2.53661671e-03  3.24525681e+02
  3.37973442e+02 -5.65994047e+01]
[ 3.19500000e+02  3.41666667e+02 -2.33094934e-03  3.24701576e+02
  3.38505135e+02 -5.61798736e+01]
[ 3.21000000e+02  3.41833333e+02 -2.53263488e-03  3.26340027e+02
  3.38492947e+02 -5.58714531e+01]
[ 3.22000000e+02  3.42000000e+02 -2.81575283e-03  3.27789268e+02
  3.38614540e+02 -5.49576916e+01]
[ 3.23333333e+02  3.42333333e+02 -2.71185992e-03  3.29687424e+02
  3.39056969e+02 -5.48034981e+01]
[ 3.25166667e+02  3.42500000e+02 -3.34251187e-03  3.32155952e+02
  3.38991795e+02 -5.30715566e+01]
[ 3.28500000e+02  3.43000000e+02 -3.54937503e-03  3.36082878e+02
  3.39249430e+02 -4.92857527e+01]
[ 3.30666667e+02  3.43333333e+02 -3.76286210e-03  3.38481407e+02
  3.39822893e+02 -4.66093803e+01]
[ 3.34166667e+02  3.43500000e+02 -3.13274314e-03  3.43048325e+02
  3.40030575e+02 -4.24974645e+01]
[ 3.37333333e+02  3.44000000e+02 -2.65420321e-03  3.47089996e+02
  3.40440073e+02 -3.69671462e+01]
[ 3.39500000e+02  3.44500000e+02 -3.03067686e-03  3.49550858e+02
  3.40285635e+02 -3.16515360e+01]
[ 3.40666667e+02  3.45000000e+02 -2.82444386e-03  3.50988846e+02
  3.41299639e+02 -3.32510350e+01]
[ 3.41666667e+02  3.44833333e+02 -2.64647650e-03  3.51899261e+02
  3.40429916e+02 -3.27396384e+01]
[ 3.41666667e+02  3.45166667e+02 -2.88024715e-03  3.51869392e+02
  3.41281900e+02 -3.32628787e+01]
[ 3.42333333e+02  3.45500000e+02 -2.93660521e-03  3.52832031e+02
  3.41364584e+02 -3.27816848e+01]
[ 3.41833333e+02  3.45166667e+02 -2.87550005e-03  3.52089233e+02
  3.40789003e+02 -3.26583171e+01]
[ 3.41833333e+02  3.45666667e+02 -2.81828083e-03  3.52847328e+02
  3.41631861e+02 -3.34147420e+01]
[ 3.42333333e+02  3.45500000e+02 -2.66991400e-03  3.52731743e+02
  3.41288195e+02 -3.48088564e+01]
[ 3.42666667e+02  3.45666667e+02 -2.77939796e-03  3.53329697e+02
  3.41138277e+02 -3.25202867e+01]
[ 3.42500000e+02  3.45500000e+02 -2.64529232e-03  3.53028641e+02
  3.41255436e+02 -3.29769133e+01]
[ 3.42333333e+02  3.45666667e+02 -2.83728354e-03  3.53395042e+02
  3.41477795e+02 -3.30344103e+01]
[ 3.42166667e+02  3.45666667e+02 -2.57398530e-03  3.52902756e+02
  3.42198000e+02 -3.38146565e+01]
[ 3.42166667e+02  3.45666667e+02 -2.64319250e-03  3.53008575e+02
  3.41916447e+02 -3.27822855e+01]
[ 3.42166667e+02  3.45666667e+02 -2.67818850e-03  3.52314034e+02
  3.41850243e+02 -3.27048451e+01]
[ 3.41500000e+02  3.45500000e+02 -2.83892049e-03  3.51702652e+02
  3.40370979e+02 -3.29094585e+01]
[ 3.41166667e+02  3.45333333e+02 -2.65716668e-03  3.51808052e+02
  3.41069469e+02 -3.40604698e+01]
[ 3.39666667e+02  3.44833333e+02 -2.74333141e-03  3.49602318e+02
  3.40612507e+02 -3.65553377e+01]
[ 3.37666667e+02  3.44500000e+02 -2.37964389e-03  3.47795982e+02
  3.40982924e+02 -3.64532238e+01]
[ 3.36000000e+02  3.44833333e+02 -2.56380051e-03  3.45338898e+02
  3.42253590e+02 -4.03359169e+01]
[ 3.33666667e+02  3.44166667e+02 -2.76690784e-03  3.41423950e+02
  3.41374741e+02 -4.38350486e+01]
[ 3.31166667e+02  3.43833333e+02 -2.46982789e-03  3.38894768e+02
  3.40841932e+02 -4.52906108e+01]
[ 3.29000000e+02  3.43000000e+02 -2.91180075e-03  3.35740776e+02
  3.39837799e+02 -4.89034764e+01]
[ 3.26000000e+02  3.42333333e+02 -2.57335091e-03  3.32310982e+02
  3.39254551e+02 -5.22152670e+01]
[ 3.23500000e+02  3.42166667e+02 -2.23471861e-03  3.29858551e+02
  3.39051332e+02 -5.65113667e+01]
[ 3.21166667e+02  3.41666667e+02 -2.28039276e-03  3.25847549e+02
  3.38509512e+02 -5.72417155e+01]
[ 3.18666667e+02  3.41333333e+02 -2.15361760e-03  3.22827263e+02
  3.38439703e+02 -5.71804382e+01]
[ 3.16500000e+02  3.41166667e+02 -2.36738112e-03  3.20035095e+02
  3.38245840e+02 -5.78225423e+01]
[ 3.14333333e+02  3.41166667e+02 -2.74966244e-03  3.17498055e+02
  3.37834425e+02 -5.93541171e+01]
[ 3.12000000e+02  3.41500000e+02 -2.38060909e-03  3.14660015e+02
  3.38727722e+02 -5.91553766e+01]
[ 3.10666667e+02  3.41333333e+02 -2.61583470e-03  3.12899704e+02
  3.38395071e+02 -5.89960869e+01]
[ 3.09333333e+02  3.41333333e+02 -2.49683782e-03  3.11066990e+02
  3.38573914e+02 -5.96261881e+01]
[ 3.09166667e+02  3.41166667e+02 -2.62498903e-03  3.10675488e+02
  3.38590422e+02 -6.02920186e+01]
[ 3.08500000e+02  3.41333333e+02 -2.52850223e-03  3.09857216e+02
  3.38695593e+02 -5.96621018e+01]
[ 3.08000000e+02  3.41333333e+02 -2.56874903e-03  3.09403801e+02
  3.38535290e+02 -5.96994460e+01]
[ 3.07500000e+02  3.41333333e+02 -2.83143821e-03  3.08950043e+02
  3.37618847e+02 -5.92823625e+01]
[ 3.07500000e+02  3.40666667e+02 -2.74911096e-03  3.08614044e+02
  3.37379780e+02 -5.91456313e+01]
[ 3.07500000e+02  3.39666667e+02 -2.87418399e-03  3.08671494e+02
  3.36896353e+02 -5.96590508e+01]
[ 3.07500000e+02  3.39000000e+02 -3.08559020e-03  3.08464012e+02
  3.34622526e+02 -5.96741997e+01]
[ 3.07333333e+02  3.37500000e+02 -3.40158310e-03  3.08903084e+02
  3.33436747e+02 -5.83996028e+01]
[ 3.07333333e+02  3.36000000e+02 -3.53486758e-03  3.08063259e+02
  3.31465588e+02 -5.96965682e+01]
[ 3.07500000e+02  3.33833333e+02 -4.04622926e-03  3.08406830e+02
  3.28771105e+02 -5.76943997e+01]
[ 3.07166667e+02  3.32000000e+02 -4.36229794e-03  3.07917824e+02
  3.26140366e+02 -5.66674992e+01]
[ 3.07333333e+02  3.30166667e+02 -4.97408056e-03  3.08046246e+02
  3.23381367e+02 -5.56199290e+01]
[ 3.07500000e+02  3.27666667e+02 -5.29450551e-03  3.08098965e+02
  3.20732861e+02 -5.39668947e+01]
[ 3.07000000e+02  3.25833333e+02 -5.68051621e-03  3.07417545e+02
  3.18289032e+02 -5.32923583e+01]
[ 3.06500000e+02  3.24333333e+02 -5.83169982e-03  3.06965103e+02
  3.16837263e+02 -5.26628662e+01]
[ 3.06500000e+02  3.22833333e+02 -6.60132105e-03  3.06500282e+02
  3.14141321e+02 -4.99215480e+01]
[ 3.06833333e+02  3.21666667e+02 -6.76156674e-03  3.07158375e+02
  3.12272243e+02 -4.98840921e+01]
[ 3.07000000e+02  3.21000000e+02 -6.66600497e-03  3.07770195e+02
  3.11937847e+02 -4.94505800e+01]
[ 3.06500000e+02  3.19833333e+02 -6.77785836e-03  3.07290459e+02
  3.10137749e+02 -4.86902576e+01]
[ 3.06500000e+02  3.19333333e+02 -7.14934540e-03  3.07236938e+02
  3.09063778e+02 -4.96646874e+01]
[ 3.07000000e+02  3.18666667e+02 -7.51638863e-03  3.07677422e+02
  3.07338953e+02 -4.98135164e+01]
[ 3.07166667e+02  3.18000000e+02 -7.42430333e-03  3.07704391e+02
  3.07286139e+02 -5.10308035e+01]
[ 3.07666667e+02  3.17666667e+02 -7.17781158e-03  3.08050308e+02
  3.07613983e+02 -4.99472134e+01]
[ 3.07833333e+02  3.17333333e+02 -7.26166476e-03  3.08434944e+02
  3.07522860e+02 -5.00555802e+01]
[ 3.08000000e+02  3.17166667e+02 -6.75309822e-03  3.08260498e+02
  3.07906437e+02 -4.93630059e+01]
[ 3.08000000e+02  3.16500000e+02 -7.07659638e-03  3.08055592e+02
  3.06595001e+02 -5.01945857e+01]
[ 3.08833333e+02  3.16333333e+02 -7.29721086e-03  3.09617462e+02
  3.06205130e+02 -5.05152382e+01]
[ 3.08333333e+02  3.16500000e+02 -7.08073874e-03  3.08983765e+02
  3.06272392e+02 -4.86420002e+01]
[ 3.08833333e+02  3.16166667e+02 -7.15208333e-03  3.09542141e+02
  3.05945234e+02 -4.99777235e+01]
[ 3.09166667e+02  3.15833333e+02 -7.31600371e-03  3.09826031e+02
  3.05327511e+02 -4.88930717e+01]
[ 3.09666667e+02  3.15833333e+02 -7.26776461e-03  3.10000172e+02
  3.05598650e+02 -4.92856689e+01]
[ 3.09333333e+02  3.15500000e+02 -7.11124235e-03  3.09754639e+02
  3.05155592e+02 -4.88353427e+01]
[ 3.09666667e+02  3.15833333e+02 -7.21758045e-03  3.10647507e+02
  3.05233040e+02 -4.94976863e+01]
[ 3.09833333e+02  3.16166667e+02 -6.96982071e-03  3.10628376e+02
  3.06233196e+02 -4.82368637e+01]
[ 3.09666667e+02  3.16000000e+02 -7.06722463e-03  3.10048313e+02
  3.05748596e+02 -4.86427434e+01]
[ 3.09666667e+02  3.15500000e+02 -7.21127043e-03  3.10163288e+02
  3.04943419e+02 -4.93689459e+01]
[ 3.09666667e+02  3.15833333e+02 -7.03707912e-03  3.10150166e+02
  3.05948553e+02 -4.95271459e+01]
[ 3.10000000e+02  3.15666667e+02 -7.33360415e-03  3.10828495e+02
  3.05410566e+02 -4.90296800e+01]
[ 3.10000000e+02  3.15833333e+02 -7.24830789e-03  3.10597439e+02
  3.05685711e+02 -4.87420186e+01]
[ 3.10166667e+02  3.15833333e+02 -7.42479662e-03  3.10801392e+02
  3.05129070e+02 -4.88341749e+01]
[ 3.10166667e+02  3.15833333e+02 -7.03212153e-03  3.10666180e+02
  3.05892792e+02 -4.93566971e+01]
[ 3.09833333e+02  3.15666667e+02 -7.24081974e-03  3.10386314e+02
  3.05595474e+02 -4.91698701e+01]
[ 3.10000000e+02  3.16000000e+02 -7.20211382e-03  3.10671272e+02
  3.05403900e+02 -4.92086895e+01]
[ 3.10166667e+02  3.16333333e+02 -7.16405579e-03  3.10544930e+02
  3.06071777e+02 -4.93743829e+01]
[ 3.10166667e+02  3.15833333e+02 -7.29784432e-03  3.10506191e+02
  3.05614872e+02 -4.93343342e+01]
[ 3.10333333e+02  3.16333333e+02 -7.23660567e-03  3.10406895e+02
  3.06515722e+02 -4.93084062e+01]
[ 3.10000000e+02  3.16500000e+02 -6.92521843e-03  3.10599823e+02
  3.07152443e+02 -4.97100223e+01]
[ 3.09666667e+02  3.16500000e+02 -7.23500395e-03  3.10287800e+02
  3.06356964e+02 -5.06929401e+01]
[ 3.10500000e+02  3.17000000e+02 -7.04895798e-03  3.10932045e+02
  3.07654810e+02 -4.90544792e+01]
[ 3.10333333e+02  3.17333333e+02 -6.80984107e-03  3.10908470e+02
  3.07551298e+02 -4.89949957e+01]
[ 3.10333333e+02  3.18666667e+02 -6.60795936e-03  3.10765553e+02
  3.09404669e+02 -4.89782654e+01]
[ 3.09333333e+02  3.19333333e+02 -6.51870140e-03  3.09793510e+02
  3.10101957e+02 -4.94759660e+01]
[ 3.10000000e+02  3.20666667e+02 -6.35116873e-03  3.10510521e+02
  3.11712427e+02 -5.03148101e+01]
[ 3.10333333e+02  3.23166667e+02 -5.85685779e-03  3.10468903e+02
  3.15050583e+02 -5.22049014e+01]
[ 3.10333333e+02  3.24666667e+02 -5.68092025e-03  3.10888405e+02
  3.16582689e+02 -5.25674801e+01]
[ 3.11000000e+02  3.26166667e+02 -5.26191263e-03  3.11746044e+02
  3.18859978e+02 -5.48044257e+01]
[ 3.10833333e+02  3.28500000e+02 -4.92344533e-03  3.11583061e+02
  3.21177778e+02 -5.51180374e+01]
[ 3.10833333e+02  3.31000000e+02 -4.57761413e-03  3.11575222e+02
  3.24241505e+02 -5.55927269e+01]
[ 3.11000000e+02  3.33666667e+02 -4.38753221e-03  3.11314011e+02
  3.27682056e+02 -5.66017516e+01]
[ 3.10833333e+02  3.36833333e+02 -3.86956544e-03  3.11792011e+02
  3.31431828e+02 -5.44237699e+01]
[ 3.11000000e+02  3.40000000e+02 -3.05642878e-03  3.11749382e+02
  3.35985117e+02 -5.50611019e+01]
[ 3.10500000e+02  3.43333333e+02 -2.37055006e-03  3.11229839e+02
  3.40358419e+02 -5.51470499e+01]
[ 3.10500000e+02  3.46666667e+02 -1.69483689e-03  3.11060734e+02
  3.44172821e+02 -5.47419637e+01]
[ 3.10000000e+02  3.50333333e+02 -1.01491029e-03  3.10624027e+02
  3.49260035e+02 -5.52944541e+01]
[ 3.09666667e+02  3.53166667e+02 -2.50949505e-04  3.10333099e+02
  3.54018917e+02 -5.22734486e+01]
[ 3.10000000e+02  3.56666667e+02  4.20714505e-04  3.11001797e+02
  3.58298779e+02 -5.21408189e+01]
[ 3.10000000e+02  3.59833333e+02  9.77153327e-04  3.11218052e+02
  3.62995377e+02 -5.18783927e+01]
[ 3.09166667e+02  3.63166667e+02  1.55258557e-03  3.10353279e+02
  3.66698999e+02 -5.19815516e+01]
[ 3.08833333e+02  3.66000000e+02  2.22358435e-03  3.09972630e+02
  3.70951595e+02 -5.02013192e+01]
[ 3.08666667e+02  3.68333333e+02  2.82897249e-03  3.09159298e+02
  3.73142939e+02 -5.11538889e+01]
[ 3.08000000e+02  3.71000000e+02  2.98621769e-03  3.08933792e+02
  3.75797310e+02 -4.73201405e+01]
[ 3.07833333e+02  3.73500000e+02  3.18173645e-03  3.08736420e+02
  3.78601599e+02 -4.67406996e+01]
[ 3.08166667e+02  3.76000000e+02  3.29614667e-03  3.09465828e+02
  3.81316967e+02 -4.31158673e+01]
[ 3.07500000e+02  3.78333333e+02  3.56632525e-03  3.08966599e+02
  3.84067869e+02 -4.23805956e+01]
[ 3.07333333e+02  3.80500000e+02  4.20963415e-03  3.08862953e+02
  3.86526833e+02 -3.97091378e+01]
[ 3.05666667e+02  3.83500000e+02  4.23674836e-03  3.06390686e+02
  3.89716272e+02 -3.78385345e+01]
[ 3.06333333e+02  3.85500000e+02  4.26684382e-03  3.07378349e+02
  3.91825190e+02 -3.40542058e+01]
[ 3.06833333e+02  3.86333333e+02  3.80281382e-03  3.08021088e+02
  3.91784878e+02 -3.52854710e+01]
[ 3.07166667e+02  3.88333333e+02  3.71036803e-03  3.08169346e+02
  3.93078060e+02 -3.71314622e+01]
[ 3.07666667e+02  3.89333333e+02  3.57388193e-03  3.08961773e+02
  3.94033241e+02 -3.40987947e+01]
[ 3.07666667e+02  3.90000000e+02  3.96052996e-03  3.07463284e+02
  3.95537825e+02 -3.44580989e+01]
[ 3.09000000e+02  3.91333333e+02  3.09558865e-03  3.09690075e+02
  3.94720860e+02 -3.81014356e+01]
[ 3.09500000e+02  3.93166667e+02  3.04249364e-03  3.10989475e+02
  3.96554947e+02 -3.76234828e+01]
[ 3.08166667e+02  3.94666667e+02  3.04562878e-03  3.09231777e+02
  3.98155546e+02 -4.12655063e+01]
[ 3.07333333e+02  3.95833333e+02  3.79737630e-03  3.08588943e+02
  4.00459328e+02 -3.81272715e+01]
[ 3.05666667e+02  3.74166667e+02  2.87587285e-03  3.06092453e+02
  3.77200699e+02 -5.07746022e+01]
[ 3.07000000e+02  3.70333333e+02  2.69229774e-03  3.08207588e+02
  3.76032887e+02 -5.30276913e+01]
[ 3.07166667e+02  3.66500000e+02  2.09633789e-03  3.07998619e+02
  3.70139380e+02 -5.39842397e+01]
[ 3.07666667e+02  3.63833333e+02  1.59957584e-03  3.08388233e+02
  3.67561340e+02 -5.27320169e+01]
[ 3.07666667e+02  3.61500000e+02  1.01338230e-03  3.08594723e+02
  3.64438906e+02 -5.34953121e+01]
[ 3.06833333e+02  3.58833333e+02  7.74438129e-04  3.07689877e+02
  3.61399269e+02 -5.38796838e+01]
[ 3.07666667e+02  3.56500000e+02  3.38635529e-04  3.08604965e+02
  3.58342266e+02 -5.47650978e+01]
[ 3.07333333e+02  3.54000000e+02 -6.61334100e-06  3.08127499e+02
  3.56632576e+02 -5.54077998e+01]
[ 3.07333333e+02  3.52000000e+02 -6.84714779e-04  3.08049412e+02
  3.53154202e+02 -5.51233515e+01]
[ 3.07500000e+02  3.49833333e+02 -1.16362732e-03  3.08306122e+02
  3.50001154e+02 -5.59695270e+01]
[ 3.07333333e+02  3.48000000e+02 -1.18513225e-03  3.07767048e+02
  3.47801456e+02 -5.66227622e+01]
[ 3.07500000e+02  3.46500000e+02 -1.63780118e-03  3.07877998e+02
  3.45956841e+02 -5.80730494e+01]
[ 3.07500000e+02  3.45000000e+02 -2.04224231e-03  3.08145294e+02
  3.43557243e+02 -5.82853742e+01]
[ 3.07333333e+02  3.43666667e+02 -1.97545106e-03  3.08148746e+02
  3.42393322e+02 -5.89977633e+01]
[ 3.07833333e+02  3.42500000e+02 -2.20859211e-03  3.08723049e+02
  3.40272617e+02 -5.88728786e+01]
[ 3.08000000e+02  3.41500000e+02 -2.54431838e-03  3.09260731e+02
  3.39250574e+02 -5.83993401e+01]
[ 3.08166667e+02  3.40666667e+02 -2.65165845e-03  3.08760300e+02
  3.38030605e+02 -5.86171132e+01]
[ 3.08500000e+02  3.40000000e+02 -2.59293111e-03  3.09408684e+02
  3.37509756e+02 -5.80968540e+01]
[ 3.08500000e+02  3.39666667e+02 -2.80547720e-03  3.09398499e+02
  3.36811409e+02 -5.74971400e+01]
[ 3.08333333e+02  3.39333333e+02 -2.74927313e-03  3.09187012e+02
  3.36445513e+02 -5.77852204e+01]
[ 3.08500000e+02  3.39000000e+02 -2.76986867e-03  3.09313202e+02
  3.36206932e+02 -5.82930688e+01]
[ 3.08666667e+02  3.38500000e+02 -3.00823078e-03  3.09511223e+02
  3.35192385e+02 -5.84550966e+01]
[ 3.08500000e+02  3.38166667e+02 -2.96934372e-03  3.09201736e+02
  3.34560614e+02 -5.85858207e+01]
[ 3.08500000e+02  3.37333333e+02 -3.23346866e-03  3.09017525e+02
  3.33278618e+02 -5.78027833e+01]
[ 3.08833333e+02  3.37000000e+02 -3.24532626e-03  3.09122734e+02
  3.33363905e+02 -5.69934156e+01]
[ 3.09000000e+02  3.36500000e+02 -3.45845175e-03  3.09142971e+02
  3.32441225e+02 -5.72511256e+01]
[ 3.08333333e+02  3.35833333e+02 -3.48916999e-03  3.08539066e+02
  3.31949530e+02 -5.78366183e+01]
[ 3.07666667e+02  3.35833333e+02 -3.33720678e-03  3.07699280e+02
  3.31827650e+02 -5.75418100e+01]
[ 3.07500000e+02  3.35166667e+02 -3.45276083e-03  3.07311115e+02
  3.30684214e+02 -5.72161842e+01]
[ 3.07000000e+02  3.35166667e+02 -3.49851038e-03  3.06527653e+02
  3.31216650e+02 -5.68761807e+01]
[ 3.05833333e+02  3.35166667e+02 -3.34999256e-03  3.05585098e+02
  3.31134968e+02 -5.75067401e+01]
[ 3.05666667e+02  3.35166667e+02 -3.41244903e-03  3.05106373e+02
  3.31158314e+02 -5.75029738e+01]
[ 3.04333333e+02  3.35000000e+02 -3.27082758e-03  3.03557014e+02
  3.31009855e+02 -5.87826613e+01]
[ 3.03833333e+02  3.35166667e+02 -3.17174592e-03  3.02739849e+02
  3.31431942e+02 -5.88345006e+01]
[ 3.03333333e+02  3.35333333e+02 -3.04410331e-03  3.02366104e+02
  3.31571245e+02 -5.86335585e+01]
[ 3.02333333e+02  3.35500000e+02 -3.01738246e-03  3.01737022e+02
  3.31756411e+02 -5.85277397e+01]
[ 3.02000000e+02  3.36000000e+02 -2.83167907e-03  3.01071930e+02
  3.32537470e+02 -5.99208847e+01]
[ 3.01500000e+02  3.36333333e+02 -3.02157277e-03  3.00096664e+02
  3.32343578e+02 -6.02765456e+01]
[ 3.01166667e+02  3.36333333e+02 -3.03910502e-03  2.99976177e+02
  3.32815847e+02 -5.98028954e+01]
[ 3.00666667e+02  3.37000000e+02 -3.05068503e-03  2.99362411e+02
  3.33558197e+02 -6.09344523e+01]
[ 3.00000000e+02  3.37500000e+02 -3.03951373e-03  2.98758183e+02
  3.33812399e+02 -6.14909325e+01]
[ 3.00000000e+02  3.37500000e+02 -3.02045476e-03  2.98803158e+02
  3.33930387e+02 -6.01634849e+01]
[ 2.99833333e+02  3.37833333e+02 -3.03574031e-03  2.98529510e+02
  3.34345236e+02 -6.14414793e+01]
[ 2.99666667e+02  3.38000000e+02 -2.75761917e-03  2.98726768e+02
  3.35228148e+02 -6.06159400e+01]
[ 2.99666667e+02  3.38500000e+02 -2.84572025e-03  2.98612328e+02
  3.35203171e+02 -6.24160152e+01]
[ 2.99333333e+02  3.39000000e+02 -2.86234195e-03  2.98161945e+02
  3.35758467e+02 -6.27512522e+01]
[ 2.99500000e+02  3.38833333e+02 -2.90326943e-03  2.98652687e+02
  3.36056271e+02 -6.16083797e+01]
[ 3.00000000e+02  3.38833333e+02 -2.81562266e-03  2.99254665e+02
  3.35774746e+02 -6.10445514e+01]
[ 3.01000000e+02  3.38666667e+02 -2.66921557e-03  3.00177536e+02
  3.35426788e+02 -6.18008226e+01]
[ 3.01500000e+02  3.38666667e+02 -2.56556570e-03  3.00954380e+02
  3.35794601e+02 -6.13376945e+01]
[ 3.02000000e+02  3.38666667e+02 -2.45321680e-03  3.01814880e+02
  3.35669546e+02 -6.14794996e+01]
[ 3.02666667e+02  3.38500000e+02 -2.30248052e-03  3.02631989e+02
  3.35759611e+02 -6.17181771e+01]
[ 3.04000000e+02  3.38333333e+02 -2.66682886e-03  3.03240738e+02
  3.34775963e+02 -6.17234856e+01]
[ 3.04166667e+02  3.38500000e+02 -2.58024267e-03  3.03907986e+02
  3.35139971e+02 -6.10334035e+01]
[ 3.04666667e+02  3.38166667e+02 -2.60304208e-03  3.04609356e+02
  3.34338312e+02 -6.18266836e+01]
[ 3.05333333e+02  3.37833333e+02 -2.81984920e-03  3.04665604e+02
  3.34424086e+02 -6.13475740e+01]
[ 3.06000000e+02  3.37333333e+02 -2.98541328e-03  3.05228767e+02
  3.33646460e+02 -6.04819804e+01]
[ 3.06500000e+02  3.36500000e+02 -3.19099259e-03  3.05791531e+02
  3.32987566e+02 -6.03464115e+01]
[ 3.06833333e+02  3.36333333e+02 -3.45331943e-03  3.05879211e+02
  3.32563620e+02 -5.89618217e+01]
[ 3.07500000e+02  3.35833333e+02 -3.49793948e-03  3.06607971e+02
  3.31731634e+02 -5.93587719e+01]
[ 3.08333333e+02  3.35500000e+02 -3.54874879e-03  3.07628155e+02
  3.31404848e+02 -5.90197463e+01]
[ 3.08333333e+02  3.35333333e+02 -3.44854989e-03  3.07691040e+02
  3.31352119e+02 -5.88571709e+01]
[ 3.09000000e+02  3.35000000e+02 -3.72687945e-03  3.08321667e+02
  3.30502567e+02 -5.78395464e+01]
[ 3.09500000e+02  3.34666667e+02 -3.49699512e-03  3.09049702e+02
  3.30511007e+02 -5.86019754e+01]
[ 3.09666667e+02  3.34666667e+02 -3.54309101e-03  3.09296036e+02
  3.30278978e+02 -5.77752627e+01]
[ 3.10500000e+02  3.34500000e+02 -3.56001539e-03  3.10282764e+02
  3.29986525e+02 -5.75087853e+01]
[ 3.10666667e+02  3.34333333e+02 -3.55883013e-03  3.10589142e+02
  3.29944525e+02 -5.81706595e+01]
[ 3.11166667e+02  3.34000000e+02 -3.56136045e-03  3.10944862e+02
  3.29400358e+02 -5.74252568e+01]
[ 3.11333333e+02  3.34000000e+02 -3.44083350e-03  3.11405239e+02
  3.29724312e+02 -5.82159720e+01]
[ 3.12166667e+02  3.34000000e+02 -3.36287970e-03  3.12574883e+02
  3.29853687e+02 -5.85635249e+01]
[ 3.12833333e+02  3.34166667e+02 -3.33484417e-03  3.13286610e+02
  3.30321465e+02 -5.89016173e+01]
[ 3.13333333e+02  3.34500000e+02 -3.37152206e-03  3.14299660e+02
  3.30435762e+02 -5.85080143e+01]
[ 3.14000000e+02  3.34500000e+02 -3.51207261e-03  3.14759769e+02
  3.30324783e+02 -5.87234348e+01]
[ 3.15000000e+02  3.34500000e+02 -3.39331319e-03  3.15693798e+02
  3.30179558e+02 -5.88220675e+01]
[ 3.15166667e+02  3.34666667e+02 -3.42000974e-03  3.16067505e+02
  3.30236149e+02 -5.92284445e+01]
[ 3.16333333e+02  3.34833333e+02 -3.53768189e-03  3.17267685e+02
  3.30187426e+02 -5.95377926e+01]
[ 3.16666667e+02  3.34833333e+02 -3.45526174e-03  3.17472801e+02
  3.30616150e+02 -5.93836214e+01]
[ 3.17500000e+02  3.35666667e+02 -3.56368418e-03  3.18915482e+02
  3.31380415e+02 -6.03217799e+01]
[ 3.18333333e+02  3.36000000e+02 -3.64369922e-03  3.19794350e+02
  3.32062654e+02 -6.10062797e+01]
[ 3.19166667e+02  3.36833333e+02 -3.54047302e-03  3.20994453e+02
  3.32885170e+02 -6.06309827e+01]
[ 3.20000000e+02  3.37666667e+02 -3.39164538e-03  3.21961098e+02
  3.33769398e+02 -6.05680570e+01]
[ 3.20833333e+02  3.38166667e+02 -3.48962836e-03  3.22846680e+02
  3.34635916e+02 -6.01199772e+01]
[ 3.21000000e+02  3.39000000e+02 -3.36987630e-03  3.22875023e+02
  3.35171499e+02 -6.04246315e+01]
[ 3.21833333e+02  3.39666667e+02 -3.34978767e-03  3.23685150e+02
  3.36075068e+02 -6.07812591e+01]
[ 3.22000000e+02  3.40166667e+02 -3.41695237e-03  3.24341202e+02
  3.36900787e+02 -5.92223201e+01]
[ 3.22000000e+02  3.40833333e+02 -3.21111964e-03  3.23904915e+02
  3.37911043e+02 -6.11276552e+01]
[ 3.21833333e+02  3.41833333e+02 -2.78610933e-03  3.23814430e+02
  3.38992252e+02 -6.13993853e+01]
[ 3.22333333e+02  3.42833333e+02 -2.64330650e-03  3.24088058e+02
  3.39842119e+02 -6.14332426e+01]
[ 3.22000000e+02  3.43500000e+02 -2.58431845e-03  3.24001160e+02
  3.40792580e+02 -6.14713579e+01]
[ 3.22000000e+02  3.44500000e+02 -2.37570738e-03  3.23895493e+02
  3.41893501e+02 -6.09993897e+01]
[ 3.22000000e+02  3.45333333e+02 -2.22617161e-03  3.23864975e+02
  3.43035479e+02 -6.04091920e+01]
[ 3.22166667e+02  3.45666667e+02 -2.12735840e-03  3.24115791e+02
  3.43653288e+02 -6.09837715e+01]
[ 3.22000000e+02  3.46166667e+02 -2.36570991e-03  3.23950348e+02
  3.43960476e+02 -6.12712763e+01]
[ 3.22000000e+02  3.46666667e+02 -2.31910435e-03  3.23807678e+02
  3.44352608e+02 -6.07535150e+01]
[ 3.22000000e+02  3.46666667e+02 -2.27900032e-03  3.23952293e+02
  3.44819927e+02 -6.11975379e+01]
[ 3.21500000e+02  3.46666667e+02 -2.42250837e-03  3.23731117e+02
  3.44942007e+02 -6.12497404e+01]
[ 3.20833333e+02  3.46666667e+02 -2.44207361e-03  3.22833939e+02
  3.44573307e+02 -6.14385568e+01]
[ 3.20166667e+02  3.46500000e+02 -2.37380194e-03  3.22405243e+02
  3.44260597e+02 -6.11414462e+01]
[ 3.19000000e+02  3.46500000e+02 -2.46078317e-03  3.20597916e+02
  3.44118118e+02 -6.13970719e+01]
[ 3.18166667e+02  3.46000000e+02 -2.59967536e-03  3.20397758e+02
  3.43688450e+02 -6.19319715e+01]
[ 3.17166667e+02  3.46000000e+02 -2.65456802e-03  3.19277496e+02
  3.43508606e+02 -6.18343782e+01]
[ 3.16666667e+02  3.46000000e+02 -2.64201891e-03  3.18476372e+02
  3.43518763e+02 -6.18396699e+01]
[ 3.15833333e+02  3.45500000e+02 -2.42112016e-03  3.17607498e+02
  3.43375769e+02 -6.14951961e+01]
[ 3.15500000e+02  3.45166667e+02 -2.54390272e-03  3.17216072e+02
  3.42868767e+02 -6.21362831e+01]
[ 3.14500000e+02  3.45000000e+02 -2.51389213e-03  3.16374607e+02
  3.42330122e+02 -6.14904966e+01]
[ 3.14333333e+02  3.44666667e+02 -2.46973815e-03  3.16241531e+02
  3.42234421e+02 -6.22074958e+01]
[ 3.14000000e+02  3.44333333e+02 -2.54986804e-03  3.16215096e+02
  3.41725760e+02 -6.20734692e+01]
[ 3.13500000e+02  3.44000000e+02 -2.62050139e-03  3.15609093e+02
  3.41321440e+02 -6.08781762e+01]
[ 3.13000000e+02  3.43500000e+02 -2.60202629e-03  3.14989452e+02
  3.40579863e+02 -6.18565343e+01]
[ 3.13000000e+02  3.43500000e+02 -2.69419364e-03  3.15138245e+02
  3.40505962e+02 -6.12508021e+01]
[ 3.12500000e+02  3.43166667e+02 -2.69855896e-03  3.14494247e+02
  3.39873247e+02 -6.15250412e+01]
[ 3.12000000e+02  3.42666667e+02 -2.47949519e-03  3.13625679e+02
  3.39757547e+02 -6.21136352e+01]
[ 3.12000000e+02  3.42500000e+02 -2.59842147e-03  3.13602371e+02
  3.39317265e+02 -6.25449736e+01]
[ 3.12166667e+02  3.42166667e+02 -2.75990183e-03  3.13416500e+02
  3.38842335e+02 -6.12072442e+01]
[ 3.11833333e+02  3.41666667e+02 -2.66159675e-03  3.13038540e+02
  3.38408575e+02 -6.20454680e+01]
[ 3.11500000e+02  3.41333333e+02 -2.71301393e-03  3.12358398e+02
  3.38265381e+02 -6.28413856e+01]
[ 3.11500000e+02  3.41000000e+02 -2.63940859e-03  3.12367001e+02
  3.37954473e+02 -6.22021817e+01]
[ 3.11666667e+02  3.41166667e+02 -2.79591784e-03  3.12007866e+02
  3.37874851e+02 -6.21731635e+01]
[ 3.11500000e+02  3.41166667e+02 -3.11923830e-03  3.11673889e+02
  3.37595844e+02 -6.10748772e+01]
[ 3.11666667e+02  3.41500000e+02 -2.82275580e-03  3.11969051e+02
  3.38207960e+02 -6.16174210e+01]
[ 3.12166667e+02  3.42000000e+02 -3.04669305e-03  3.12599888e+02
  3.38201809e+02 -6.16812967e+01]
[ 3.12500000e+02  3.42166667e+02 -2.93076760e-03  3.12539845e+02
  3.38780193e+02 -6.15268741e+01]
[ 3.12833333e+02  3.42666667e+02 -2.91472212e-03  3.13238945e+02
  3.39346876e+02 -6.25295676e+01]
[ 3.13166667e+02  3.43166667e+02 -2.89116486e-03  3.13318043e+02
  3.40127106e+02 -6.21886421e+01]
[ 3.13500000e+02  3.43666667e+02 -3.01622250e-03  3.13756008e+02
  3.40248556e+02 -6.28179554e+01]
[ 3.14166667e+02  3.43666667e+02 -2.98404942e-03  3.14449177e+02
  3.40137520e+02 -6.33032341e+01]
[ 3.15000000e+02  3.43666667e+02 -2.98673854e-03  3.15148392e+02
  3.40575371e+02 -6.31316900e+01]
[ 3.15333333e+02  3.43833333e+02 -2.90798241e-03  3.15730228e+02
  3.40906763e+02 -6.35839552e+01]
[ 3.15166667e+02  3.43833333e+02 -2.99134924e-03  3.15583191e+02
  3.40418100e+02 -6.46671653e+01]
[ 3.15500000e+02  3.44000000e+02 -2.95478878e-03  3.16109657e+02
  3.40686979e+02 -6.46380354e+01]
[ 3.15500000e+02  3.44166667e+02 -2.92793475e-03  3.15930786e+02
  3.41153269e+02 -6.52885213e+01]
[ 3.16166667e+02  3.44666667e+02 -3.04791168e-03  3.16686459e+02
  3.41537075e+02 -6.44504316e+01]
[ 3.16333333e+02  3.45000000e+02 -2.83822638e-03  3.16996002e+02
  3.41943998e+02 -6.44638594e+01]
[ 3.16666667e+02  3.45833333e+02 -3.13448883e-03  3.17224903e+02
  3.42316618e+02 -6.30953461e+01]
[ 3.17166667e+02  3.46500000e+02 -2.81827633e-03  3.17669144e+02
  3.43297148e+02 -6.38825241e+01]
[ 3.17333333e+02  3.47333333e+02 -2.54146939e-03  3.17377644e+02
  3.44429598e+02 -6.42930530e+01]
[ 3.17666667e+02  3.48333333e+02 -2.84859338e-03  3.18013420e+02
  3.44860783e+02 -6.47734366e+01]
[ 3.18333333e+02  3.49000000e+02 -2.91265691e-03  3.19331589e+02
  3.45767927e+02 -6.43169191e+01]
[ 3.18333333e+02  3.50333333e+02 -3.13465604e-03  3.19207363e+02
  3.46114283e+02 -6.45751208e+01]
[ 3.18500000e+02  3.51666667e+02 -2.98842784e-03  3.18639545e+02
  3.47619810e+02 -6.61240015e+01]
[ 3.19166667e+02  3.53833333e+02 -2.67950791e-03  3.19680595e+02
  3.49987736e+02 -6.62632138e+01]
[ 3.19333333e+02  3.55500000e+02 -3.16161573e-03  3.19492416e+02
  3.51413727e+02 -6.59197681e+01]
[ 3.19500000e+02  3.57333333e+02 -3.14243460e-03  3.19582253e+02
  3.53028517e+02 -6.65217228e+01]
[ 3.19666667e+02  3.59333333e+02 -3.16139159e-03  3.19996758e+02
  3.55145102e+02 -6.83627240e+01]
[ 3.19500000e+02  3.60666667e+02 -2.94529391e-03  3.19389858e+02
  3.56744041e+02 -6.95736855e+01]
[ 3.19166667e+02  3.61500000e+02 -3.07184252e-03  3.19141960e+02
  3.57327175e+02 -6.96579404e+01]
[ 3.19000000e+02  3.62166667e+02 -3.11823178e-03  3.18904476e+02
  3.58079481e+02 -7.08895046e+01]
[ 3.19000000e+02  3.62500000e+02 -3.20857911e-03  3.19100018e+02
  3.58367071e+02 -7.10029230e+01]
[ 3.18833333e+02  3.62500000e+02 -3.04711375e-03  3.18652267e+02
  3.58699522e+02 -7.15598669e+01]
[ 3.19166667e+02  3.62666667e+02 -2.97916312e-03  3.19034615e+02
  3.58968544e+02 -7.15654381e+01]
[ 3.18666667e+02  3.62833333e+02 -3.05647160e-03  3.18668575e+02
  3.58749676e+02 -7.27352612e+01]
[ 3.18500000e+02  3.63166667e+02 -3.05273112e-03  3.18409691e+02
  3.59386396e+02 -7.27439951e+01]
[ 3.18333333e+02  3.64000000e+02 -3.11954601e-03  3.18150253e+02
  3.60149717e+02 -7.35745747e+01]
[ 3.18000000e+02  3.65500000e+02 -2.97480742e-03  3.17935009e+02
  3.61160574e+02 -7.60370661e+01]
[ 3.17333333e+02  3.67333333e+02 -2.90594611e-03  3.16879311e+02
  3.63272295e+02 -7.58864600e+01]
[ 3.17833333e+02  3.69833333e+02 -3.30754373e-03  3.17590523e+02
  3.65444899e+02 -7.46059734e+01]
[ 3.18500000e+02  3.73333333e+02 -2.51981518e-03  3.18007908e+02
  3.70044107e+02 -7.26460554e+01]
[ 3.20000000e+02  3.77666667e+02 -2.60561899e-03  3.19585609e+02
  3.74076576e+02 -7.25122020e+01]
[ 3.20833333e+02  3.81500000e+02 -2.40394021e-03  3.21107864e+02
  3.78404961e+02 -7.32056648e+01]
[ 3.22666667e+02  3.84833333e+02 -2.65635321e-03  3.22824593e+02
  3.81949997e+02 -7.30093550e+01]
[ 3.24500000e+02  3.87666667e+02 -2.31872990e-03  3.24576836e+02
  3.84978876e+02 -7.60411732e+01]
[ 3.26500000e+02  3.89166667e+02 -2.80955845e-03  3.26754646e+02
  3.86140594e+02 -7.57764950e+01]
[ 3.27500000e+02  3.90166667e+02 -2.39569493e-03  3.27594147e+02
  3.87602234e+02 -7.76621662e+01]
[ 3.28500000e+02  3.90000000e+02 -2.45985132e-03  3.28805618e+02
  3.87818556e+02 -7.67005105e+01]
[ 3.29166667e+02  3.89500000e+02 -2.50315052e-03  3.29267883e+02
  3.86918077e+02 -7.73812383e+01]
[ 3.29333333e+02  3.88666667e+02 -2.51794671e-03  3.29600983e+02
  3.85751381e+02 -7.84170460e+01]
[ 3.29000000e+02  3.88500000e+02 -2.57934460e-03  3.28951988e+02
  3.85068455e+02 -7.71526247e+01]
[ 3.29333333e+02  3.88166667e+02 -2.46808161e-03  3.29033623e+02
  3.85044022e+02 -7.74892420e+01]
[ 3.29166667e+02  3.87500000e+02 -2.12093895e-03  3.29100075e+02
  3.85030718e+02 -8.02748445e+01]
[ 3.29500000e+02  3.86500000e+02 -2.35021302e-03  3.29146652e+02
  3.83465052e+02 -7.97291938e+01]
[ 3.29000000e+02  3.86166667e+02 -2.15546342e-03  3.28949051e+02
  3.82885752e+02 -7.74319265e+01]
[ 3.29333333e+02  3.85833333e+02 -2.28117118e-03  3.29001350e+02
  3.82000666e+02 -7.76978284e+01]
[ 3.28833333e+02  3.84166667e+02 -2.49113311e-03  3.28422928e+02
  3.80884638e+02 -7.96310138e+01]
[ 3.28833333e+02  3.82166667e+02 -3.05666809e-03  3.27857971e+02
  3.78444443e+02 -8.04460254e+01]
[ 3.29000000e+02  3.80500000e+02 -2.72820063e-03  3.28140793e+02
  3.76846676e+02 -8.15565158e+01]
[ 3.29000000e+02  3.78666667e+02 -3.02061703e-03  3.27897911e+02
  3.74839125e+02 -8.11074693e+01]
[ 3.28666667e+02  3.77166667e+02 -2.88049091e-03  3.27688141e+02
  3.73415251e+02 -8.29897095e+01]
[ 3.28833333e+02  3.76166667e+02 -3.13533310e-03  3.27825432e+02
  3.72552652e+02 -8.17094352e+01]
[ 3.28333333e+02  3.75166667e+02 -2.84489417e-03  3.27375755e+02
  3.71391220e+02 -8.31650030e+01]
[ 3.27500000e+02  3.73500000e+02 -3.11575229e-03  3.26742020e+02
  3.69608259e+02 -8.31873324e+01]
[ 3.27000000e+02  3.72000000e+02 -2.77232456e-03  3.25911446e+02
  3.68278313e+02 -8.46782941e+01]
[ 3.26666667e+02  3.70333333e+02 -2.82764611e-03  3.25795403e+02
  3.66673107e+02 -8.44610017e+01]
[ 3.26333333e+02  3.68333333e+02 -3.16158060e-03  3.25723686e+02
  3.64326439e+02 -8.65414012e+01]
[ 3.25000000e+02  3.65666667e+02 -3.18629712e-03  3.24440346e+02
  3.61839037e+02 -8.68054871e+01]
[ 3.24166667e+02  3.62166667e+02 -3.86174904e-03  3.23637962e+02
  3.57996941e+02 -8.62576514e+01]
[ 3.23166667e+02  3.59333333e+02 -3.86663208e-03  3.22503319e+02
  3.55035095e+02 -8.71787332e+01]
[ 3.23000000e+02  3.56833333e+02 -4.03765810e-03  3.22673111e+02
  3.51864767e+02 -8.68318789e+01]
[ 3.22833333e+02  3.53000000e+02 -3.94604194e-03  3.21963577e+02
  3.48475513e+02 -8.65119807e+01]
[ 3.23000000e+02  3.48333333e+02 -4.23044673e-03  3.22550888e+02
  3.43802347e+02 -8.56356584e+01]
[ 3.23000000e+02  3.43500000e+02 -4.06372388e-03  3.22570152e+02
  3.39083691e+02 -8.29386860e+01]
[ 3.22833333e+02  3.38166667e+02 -4.72556610e-03  3.22540131e+02
  3.33124208e+02 -8.47857725e+01]
[ 3.22666667e+02  3.33166667e+02 -5.02488979e-03  3.22714310e+02
  3.27639742e+02 -8.47938806e+01]
[ 3.23500000e+02  3.29333333e+02 -4.45013928e-03  3.23149948e+02
  3.24305792e+02 -8.59668888e+01]
[ 3.24666667e+02  3.25833333e+02 -4.67111155e-03  3.24341202e+02
  3.20741901e+02 -8.58938098e+01]
[ 3.26166667e+02  3.22500000e+02 -4.88262802e-03  3.26280708e+02
  3.17026606e+02 -8.69633853e+01]
[ 3.27166667e+02  3.19833333e+02 -4.77338730e-03  3.26989288e+02
  3.14408054e+02 -8.75048283e+01]
[ 3.28666667e+02  3.18000000e+02 -4.88418325e-03  3.28583488e+02
  3.11890268e+02 -8.89047012e+01]
[ 3.29833333e+02  3.16666667e+02 -5.01383926e-03  3.29928780e+02
  3.10419874e+02 -9.03940480e+01]
[ 3.31500000e+02  3.15166667e+02 -5.26493633e-03  3.31858368e+02
  3.08141327e+02 -8.97968654e+01]
[ 3.33166667e+02  3.12666667e+02 -5.64022603e-03  3.33640213e+02
  3.05705681e+02 -9.04897191e+01]
[ 3.34666667e+02  3.10166667e+02 -5.99320264e-03  3.34982491e+02
  3.02559786e+02 -8.98602102e+01]
[ 3.36166667e+02  3.08666667e+02 -6.23020607e-03  3.36405029e+02
  3.00473213e+02 -9.05651785e+01]
[ 3.37666667e+02  3.08000000e+02 -6.33065837e-03  3.37704430e+02
  2.99510994e+02 -9.38180834e+01]
[ 3.40000000e+02  3.07666667e+02 -6.34166133e-03  3.40459900e+02
  2.98940792e+02 -9.43095647e+01]
[ 3.42333333e+02  3.07833333e+02 -6.11301170e-03  3.42678719e+02
  2.99113426e+02 -9.55298021e+01]
[ 3.45000000e+02  3.07500000e+02 -6.06332851e-03  3.45349274e+02
  2.99372749e+02 -9.69713777e+01]
[ 3.47166667e+02  3.07166667e+02 -6.32734814e-03  3.47997131e+02
  2.98555326e+02 -9.71605629e+01]
[ 3.49500000e+02  3.06333333e+02 -6.50257121e-03  3.50836258e+02
  2.97997999e+02 -9.75062437e+01]
[ 3.51666667e+02  3.05500000e+02 -6.62892405e-03  3.52460899e+02
  2.96133814e+02 -9.78116691e+01]
[ 3.53833333e+02  3.03500000e+02 -6.75445267e-03  3.54545860e+02
  2.93964815e+02 -9.78643410e+01]
[ 3.55666667e+02  3.01666667e+02 -6.81752168e-03  3.56350174e+02
  2.92475481e+02 -9.86637399e+01]
[ 3.57166667e+02  2.99833333e+02 -7.20050496e-03  3.57654190e+02
  2.90380611e+02 -1.00393306e+02]
[ 3.59166667e+02  2.98666667e+02 -7.34739363e-03  3.59131966e+02
  2.88072281e+02 -1.01706225e+02]
[ 3.60833333e+02  2.96833333e+02 -7.15356351e-03  3.60697708e+02
  2.86519918e+02 -1.03181586e+02]
[ 3.62166667e+02  2.95500000e+02 -7.67655810e-03  3.62077370e+02
  2.84928589e+02 -1.04721241e+02]
[ 3.64000000e+02  2.94166667e+02 -7.72974004e-03  3.63886147e+02
  2.83311710e+02 -1.05825987e+02]
[ 3.66000000e+02  2.93500000e+02 -7.68697650e-03  3.65434189e+02
  2.82467165e+02 -1.09160531e+02]
[ 3.68000000e+02  2.93333333e+02 -7.75460030e-03  3.67103233e+02
  2.82357502e+02 -1.08709317e+02]
[ 3.69500000e+02  2.92666667e+02 -7.80982741e-03  3.68672409e+02
  2.81931696e+02 -1.09777585e+02]
[ 3.71000000e+02  2.92500000e+02 -7.57022714e-03  3.70607109e+02
  2.81919136e+02 -1.09640557e+02]
[ 3.72333333e+02  2.92333333e+02 -7.70497695e-03  3.71982460e+02
  2.81654291e+02 -1.12821590e+02]
[ 3.74166667e+02  2.92500000e+02 -7.45021335e-03  3.74251213e+02
  2.82375412e+02 -1.15307841e+02]
[ 3.76000000e+02  2.93500000e+02 -7.22557989e-03  3.76073151e+02
  2.83189201e+02 -1.16334233e+02]
[ 3.76833333e+02  2.93500000e+02 -7.03962334e-03  3.77262535e+02
  2.83672028e+02 -1.18357413e+02]
[ 3.77833333e+02  2.93833333e+02 -7.28347618e-03  3.77960129e+02
  2.83417139e+02 -1.17604572e+02]
[ 3.78166667e+02  2.94166667e+02 -7.07377773e-03  3.78417168e+02
  2.84483271e+02 -1.18446607e+02]
[ 3.79166667e+02  2.94833333e+02 -7.02242584e-03  3.79562988e+02
  2.84518805e+02 -1.17738023e+02]
[ 3.79500000e+02  2.95666667e+02 -6.74488194e-03  3.79977646e+02
  2.85314341e+02 -1.18757967e+02]
[ 3.79666667e+02  2.96333333e+02 -6.61325517e-03  3.80237999e+02
  2.86369028e+02 -1.17941324e+02]
[ 3.79666667e+02  2.96666667e+02 -6.23177225e-03  3.80024910e+02
  2.87016506e+02 -1.18086431e+02]
[ 3.79833333e+02  2.97166667e+02 -6.14162527e-03  3.80162506e+02
  2.87046833e+02 -1.18673164e+02]
[ 3.79666667e+02  2.97833333e+02 -6.04552636e-03  3.80078888e+02
  2.88214788e+02 -1.17938820e+02]
[ 3.79833333e+02  2.98500000e+02 -6.10702586e-03  3.80084572e+02
  2.88828993e+02 -1.17822468e+02]
[ 3.79166667e+02  2.99333333e+02 -6.09088596e-03  3.79435081e+02
  2.89516497e+02 -1.17640022e+02]
[ 3.79166667e+02  3.00333333e+02 -6.12537780e-03  3.79385109e+02
  2.90017805e+02 -1.17843445e+02]
[ 3.79166667e+02  3.01000000e+02 -6.11871295e-03  3.79214592e+02
  2.91397676e+02 -1.17690168e+02]
[ 3.78666667e+02  3.02166667e+02 -5.94898600e-03  3.78835258e+02
  2.92172012e+02 -1.17631126e+02]
[ 3.78666667e+02  3.02666667e+02 -5.75943066e-03  3.78745842e+02
  2.93051004e+02 -1.17503129e+02]
[ 3.78833333e+02  3.03333333e+02 -5.63224211e-03  3.78795395e+02
  2.94488983e+02 -1.17621716e+02]
[ 3.79166667e+02  3.04333333e+02 -5.63435769e-03  3.79432106e+02
  2.95034838e+02 -1.18237540e+02]
[ 3.80000000e+02  3.04833333e+02 -5.67392469e-03  3.80282516e+02
  2.95587873e+02 -1.18323550e+02]
[ 3.80166667e+02  3.05333333e+02 -5.70501558e-03  3.80413780e+02
  2.96198788e+02 -1.18020561e+02]
[ 3.80500000e+02  3.05500000e+02 -5.69743679e-03  3.80785179e+02
  2.96978846e+02 -1.17322035e+02]
[ 3.80833333e+02  3.05666667e+02 -5.56686629e-03  3.80923691e+02
  2.97003651e+02 -1.19262580e+02]
[ 3.81000000e+02  3.05666667e+02 -5.42627236e-03  3.81240578e+02
  2.97393723e+02 -1.18041493e+02]
[ 3.81833333e+02  3.05666667e+02 -5.25250410e-03  3.82057686e+02
  2.97333384e+02 -1.18320130e+02]
[ 3.82333333e+02  3.05666667e+02 -5.40754118e-03  3.82268524e+02
  2.97274818e+02 -1.18797686e+02]
[ 3.82833333e+02  3.05666667e+02 -5.40860199e-03  3.82937851e+02
  2.97147474e+02 -1.18680049e+02]
[ 3.83333333e+02  3.05500000e+02 -5.54363298e-03  3.83387794e+02
  2.97108164e+02 -1.17547151e+02]
[ 3.83833333e+02  3.05000000e+02 -5.62615856e-03  3.84118614e+02
  2.96666880e+02 -1.17293034e+02]
[ 3.84333333e+02  3.05333333e+02 -5.45977308e-03  3.84073524e+02
  2.97199202e+02 -1.17943034e+02]
[ 3.84666667e+02  3.05500000e+02 -5.64637346e-03  3.84779167e+02
  2.96957474e+02 -1.18000176e+02]
[ 3.85333333e+02  3.05333333e+02 -5.62434962e-03  3.85210037e+02
  2.96912613e+02 -1.18774407e+02]
[ 3.85666667e+02  3.05666667e+02 -5.59638503e-03  3.85406647e+02
  2.97256508e+02 -1.18422780e+02]
[ 3.85666667e+02  3.05666667e+02 -5.67504608e-03  3.85913239e+02
  2.97441959e+02 -1.18775971e+02]
[ 3.85666667e+02  3.05833333e+02 -5.64793202e-03  3.85905991e+02
  2.97154598e+02 -1.18952416e+02]
[ 3.85500000e+02  3.06000000e+02 -5.71206911e-03  3.85581856e+02
  2.97043676e+02 -1.19412716e+02]
[ 3.85666667e+02  3.05833333e+02 -5.55932817e-03  3.85452614e+02
  2.97586699e+02 -1.18602399e+02]
[ 3.85666667e+02  3.05833333e+02 -5.69127997e-03  3.85382347e+02
  2.97670956e+02 -1.18138019e+02]
[ 3.85666667e+02  3.06666667e+02 -5.39480988e-03  3.85467072e+02
  2.98450470e+02 -1.17333133e+02]
[ 3.85166667e+02  3.07500000e+02 -5.34694137e-03  3.84524918e+02
  2.99203262e+02 -1.15896486e+02]
[ 3.85000000e+02  3.08500000e+02 -5.42581070e-03  3.84169922e+02
  3.00960789e+02 -1.16914071e+02]
[ 3.84666667e+02  3.10166667e+02 -5.03980031e-03  3.84234428e+02
  3.02352390e+02 -1.17796529e+02]
[ 3.83833333e+02  3.11166667e+02 -5.04718486e-03  3.82897568e+02
  3.03673668e+02 -1.17336553e+02]
[ 3.83500000e+02  3.12500000e+02 -4.64084304e-03  3.82718163e+02
  3.04750586e+02 -1.16889864e+02]
[ 3.82500000e+02  3.12500000e+02 -4.48668771e-03  3.80901031e+02
  3.04556866e+02 -1.17389414e+02]
[ 3.81500000e+02  3.13166667e+02 -4.48179127e-03  3.79931450e+02
  3.05575590e+02 -1.18152648e+02]
[ 3.81333333e+02  3.13166667e+02 -4.51728129e-03  3.79565239e+02
  3.05609465e+02 -1.18173569e+02]
[ 3.80833333e+02  3.13333333e+02 -4.52276881e-03  3.78892250e+02
  3.05766449e+02 -1.17539819e+02]
[ 3.80666667e+02  3.13333333e+02 -4.57102596e-03  3.78994255e+02
  3.05728197e+02 -1.17277611e+02]
[ 3.80500000e+02  3.13166667e+02 -4.58005791e-03  3.78610268e+02
  3.05591412e+02 -1.17891166e+02]
[ 3.81000000e+02  3.12833333e+02 -4.68898213e-03  3.79042969e+02
  3.05403471e+02 -1.17489818e+02]
[ 3.81000000e+02  3.12333333e+02 -4.87673855e-03  3.78796310e+02
  3.04947424e+02 -1.17304467e+02]
[ 3.81500000e+02  3.11666667e+02 -4.92242570e-03  3.79611931e+02
  3.04454269e+02 -1.17571682e+02]
[ 3.81166667e+02  3.11333333e+02 -4.95250247e-03  3.79150314e+02
  3.03882723e+02 -1.17255762e+02]
[ 3.81166667e+02  3.10833333e+02 -4.98895000e-03  3.79714279e+02
  3.03433313e+02 -1.17785107e+02]
[ 3.81000000e+02  3.11000000e+02 -4.53162381e-03  3.79434662e+02
  3.03874712e+02 -1.17634881e+02]
[ 3.80333333e+02  3.10666667e+02 -4.58281707e-03  3.78728294e+02
  3.03580399e+02 -1.18675780e+02]
[ 3.80166667e+02  3.10833333e+02 -4.67960913e-03  3.78525467e+02
  3.03014030e+02 -1.18425418e+02]
[ 3.79666667e+02  3.10666667e+02 -4.57630513e-03  3.78054276e+02
  3.03430767e+02 -1.17697611e+02]
[ 3.79333333e+02  3.10833333e+02 -4.63534560e-03  3.77762146e+02
  3.03099947e+02 -1.17732279e+02]
[ 3.79166667e+02  3.10833333e+02 -4.59084841e-03  3.77478409e+02
  3.03617077e+02 -1.17866747e+02]
[ 3.78666667e+02  3.10833333e+02 -4.64299317e-03  3.76703568e+02
  3.03779011e+02 -1.18993443e+02]
[ 3.79000000e+02  3.10500000e+02 -4.32828195e-03  3.77306061e+02
  3.03611813e+02 -1.18982725e+02]
[ 3.78000000e+02  3.10833333e+02 -4.78104062e-03  3.75974998e+02
  3.03367882e+02 -1.18432704e+02]
[ 3.77833333e+02  3.10500000e+02 -4.67085697e-03  3.75766983e+02
  3.03676643e+02 -1.18391924e+02]
[ 3.77333333e+02  3.10333333e+02 -4.77599805e-03  3.75668640e+02
  3.03396835e+02 -1.18424390e+02]
[ 3.77500000e+02  3.10500000e+02 -4.57505356e-03  3.75323448e+02
  3.03295813e+02 -1.18884254e+02]
[ 3.77166667e+02  3.10166667e+02 -4.68941705e-03  3.75313416e+02
  3.03175793e+02 -1.17920950e+02]
[ 3.76833333e+02  3.10333333e+02 -4.91608572e-03  3.74635124e+02
  3.03589296e+02 -1.18349131e+02]
[ 3.76833333e+02  3.10166667e+02 -4.69452785e-03  3.74648323e+02
  3.03474283e+02 -1.18737940e+02]
[ 3.76333333e+02  3.10500000e+02 -4.83893678e-03  3.74211845e+02
  3.04069347e+02 -1.18331306e+02]
[ 3.76500000e+02  3.10500000e+02 -4.63950950e-03  3.74444962e+02
  3.04020824e+02 -1.18853241e+02]
[ 3.76166667e+02  3.10666667e+02 -4.78493077e-03  3.73732796e+02
  3.03923950e+02 -1.18254047e+02]
[ 3.76000000e+02  3.10833333e+02 -4.73338750e-03  3.73938980e+02
  3.04368582e+02 -1.19110554e+02]
[ 3.75833333e+02  3.10833333e+02 -4.81256415e-03  3.73520050e+02
  3.04164219e+02 -1.18178856e+02]
[ 3.76166667e+02  3.10833333e+02 -4.96174184e-03  3.73613777e+02
  3.04451180e+02 -1.18870497e+02]
[ 3.76000000e+02  3.10666667e+02 -4.95810347e-03  3.73590775e+02
  3.04237061e+02 -1.18852571e+02]
[ 3.76166667e+02  3.11000000e+02 -4.81533229e-03  3.74022026e+02
  3.04723892e+02 -1.18100759e+02]
[ 3.76333333e+02  3.10833333e+02 -4.87797742e-03  3.74079094e+02
  3.04228277e+02 -1.18155532e+02]
[ 3.76500000e+02  3.10833333e+02 -4.77864388e-03  3.74370575e+02
  3.04428091e+02 -1.17635339e+02]
[ 3.76666667e+02  3.11000000e+02 -4.83816727e-03  3.74248085e+02
  3.04783602e+02 -1.18013944e+02]
[ 3.76500000e+02  3.11000000e+02 -4.83267229e-03  3.74115601e+02
  3.04558125e+02 -1.18702792e+02]
[ 3.76333333e+02  3.10833333e+02 -4.91265444e-03  3.73920784e+02
  3.04565220e+02 -1.17904197e+02]
[ 3.76333333e+02  3.10666667e+02 -4.83868012e-03  3.73828125e+02
  3.04632711e+02 -1.17747322e+02]
