Ready..
[ 3.26000000e+02  3.22000000e+02  8.56907747e-04  3.23805542e+02
  3.10784254e+02 -1.52762353e+02]
[ 3.25500000e+02  3.22500000e+02  1.89822563e-03  3.23395386e+02
  3.10599289e+02 -1.51776597e+02]
[ 3.28000000e+02  3.23500000e+02  1.47175003e-03  3.26083527e+02
  3.10419874e+02 -1.50991928e+02]
[ 3.28500000e+02  3.24500000e+02  1.03977698e-03  3.27963715e+02
  3.10761967e+02 -1.51926745e+02]
[ 3.30000000e+02  3.25500000e+02  7.38507108e-04  3.29876556e+02
  3.11852474e+02 -1.51828766e+02]
[ 3.31500000e+02  3.27000000e+02  6.07868074e-04  3.31713448e+02
  3.12821360e+02 -1.52594045e+02]
[ 3.32000000e+02  3.27000000e+02  5.44793918e-04  3.32631187e+02
  3.12629642e+02 -1.52839791e+02]
[ 3.32500000e+02  3.27000000e+02 -7.65133300e-05  3.33367996e+02
  3.12361908e+02 -1.53260753e+02]
[ 3.33000000e+02  3.27000000e+02  2.21532086e-04  3.33996773e+02
  3.12843390e+02 -1.51693694e+02]
[ 3.33500000e+02  3.27500000e+02 -7.98410620e-05  3.34143295e+02
  3.12767258e+02 -1.51290379e+02]
[ 3.33500000e+02  3.27000000e+02  4.03628306e-04  3.34096680e+02
  3.12964897e+02 -1.51521072e+02]
[ 3.33500000e+02  3.28000000e+02  2.67177529e-05  3.34261475e+02
  3.13114185e+02 -1.51462164e+02]
[ 3.33500000e+02  3.28000000e+02  8.28140837e-04  3.34321899e+02
  3.13370361e+02 -1.52629104e+02]
[ 3.33500000e+02  3.28000000e+02 -2.46084004e-04  3.34296608e+02
  3.13334541e+02 -1.52109560e+02]
[ 3.33000000e+02  3.28500000e+02  3.01727850e-05  3.33783417e+02
  3.13314857e+02 -1.51946828e+02]
[ 3.33000000e+02  3.28500000e+02 -4.43037425e-05  3.33711700e+02
  3.13572779e+02 -1.52112722e+02]
[ 3.32500000e+02  3.28500000e+02  2.06548721e-05  3.33159256e+02
  3.13529749e+02 -1.51607573e+02]
[ 3.32500000e+02  3.28500000e+02  1.94815511e-05  3.33233261e+02
  3.13714600e+02 -1.51579857e+02]
[ 3.32000000e+02  3.28500000e+02 -2.66426505e-04  3.32721443e+02
  3.13523254e+02 -1.50942788e+02]
[ 3.32000000e+02  3.27500000e+02 -1.20997133e-03  3.32855377e+02
  3.12561922e+02 -1.50359619e+02]
[ 3.32500000e+02  3.27000000e+02 -1.89078529e-03  3.33046875e+02
  3.11703815e+02 -1.48512114e+02]
[ 3.32500000e+02  3.26500000e+02 -1.51553800e-03  3.33393059e+02
  3.11116905e+02 -1.48716051e+02]
[ 3.32500000e+02  3.26000000e+02 -1.81319896e-03  3.33382301e+02
  3.10656023e+02 -1.49426490e+02]
[ 3.33000000e+02  3.26000000e+02 -1.74398563e-03  3.33219986e+02
  3.10220461e+02 -1.49199229e+02]
[ 3.32500000e+02  3.25000000e+02 -1.78236561e-03  3.32670860e+02
  3.09655609e+02 -1.49974342e+02]
[ 3.30000000e+02  3.24500000e+02 -2.14797533e-03  3.29604874e+02
  3.08627329e+02 -1.51372723e+02]
[ 3.26500000e+02  3.23500000e+02 -2.44824943e-03  3.25220299e+02
  3.07969265e+02 -1.53351914e+02]
[ 3.22500000e+02  3.23500000e+02 -3.51463439e-03  3.20929260e+02
  3.08339968e+02 -1.52494479e+02]
[ 3.18000000e+02  3.23000000e+02 -4.46026702e-03  3.15561085e+02
  3.07520142e+02 -1.49600532e+02]
[ 3.14000000e+02  3.22000000e+02 -4.76902525e-03  3.10558014e+02
  3.07026329e+02 -1.49396226e+02]
[ 3.09500000e+02  3.21000000e+02 -4.73843073e-03  3.05892792e+02
  3.05211353e+02 -1.47268295e+02]
[ 3.03500000e+02  3.19000000e+02 -6.60833798e-03  2.99439487e+02
  3.03227406e+02 -1.45386960e+02]
[ 2.98000000e+02  3.18000000e+02 -9.73412558e-03  2.93883133e+02
  3.01852255e+02 -1.41457614e+02]
[ 2.91500000e+02  3.17500000e+02 -1.28632314e-02  2.86619415e+02
  3.01746483e+02 -1.35514654e+02]
[ 2.88500000e+02  3.16000000e+02 -1.36608207e-02  2.83050060e+02
  2.98909435e+02 -1.33748855e+02]
[ 2.84500000e+02  3.16000000e+02 -1.48515436e-02  2.78681946e+02
  2.98110838e+02 -1.31034929e+02]
[ 2.81500000e+02  3.15500000e+02 -1.59374755e-02  2.74971809e+02
  2.98863573e+02 -1.27834763e+02]
[ 2.80000000e+02  3.15500000e+02 -1.71650522e-02  2.72557163e+02
  2.98194494e+02 -1.21811640e+02]
[ 2.77000000e+02  3.14500000e+02 -1.95548767e-02  2.69187679e+02
  2.96588917e+02 -1.18525095e+02]
[ 2.75500000e+02  3.14000000e+02 -2.06385106e-02  2.67499962e+02
  2.96442432e+02 -1.16417684e+02]
[ 2.75000000e+02  3.13500000e+02 -2.03024945e-02  2.66816807e+02
  2.95395613e+02 -1.17071796e+02]
[ 2.74000000e+02  3.13500000e+02 -2.06088694e-02  2.65393715e+02
  2.96096706e+02 -1.14552654e+02]
[ 2.73000000e+02  3.13000000e+02 -2.25165589e-02  2.64990921e+02
  2.96054163e+02 -1.11775909e+02]
[ 2.71500000e+02  3.13000000e+02 -2.36437842e-02  2.62406578e+02
  2.96044178e+02 -1.13980114e+02]
[ 2.70000000e+02  3.13000000e+02 -2.40049912e-02  2.60802860e+02
  2.96079769e+02 -1.11454368e+02]
[ 2.70000000e+02  3.12500000e+02 -2.48924308e-02  2.58975925e+02
  2.96205912e+02 -1.11432351e+02]
[ 2.69000000e+02  3.13000000e+02 -2.55557559e-02  2.58526955e+02
  2.95582924e+02 -1.10455558e+02]
[ 2.67500000e+02  3.13000000e+02 -2.65035750e-02  2.56340981e+02
  2.96268940e+02 -1.10745214e+02]
[ 2.66500000e+02  3.13000000e+02 -2.68426165e-02  2.54412193e+02
  2.97166843e+02 -1.08200826e+02]
[ 2.66000000e+02  3.13500000e+02 -2.69708093e-02  2.52312050e+02
  2.98092928e+02 -1.03928234e+02]
[ 2.66000000e+02  3.14000000e+02 -2.71643568e-02  2.49715900e+02
  2.98762436e+02 -1.01933744e+02]
[ 2.63500000e+02  3.14000000e+02 -2.74874726e-02  2.46725769e+02
  2.98859425e+02 -9.72139165e+01]
[ 2.62000000e+02  3.14500000e+02 -2.70396909e-02  2.44601879e+02
  2.99544125e+02 -9.82984565e+01]
[ 2.62500000e+02  3.14500000e+02 -2.60203229e-02  2.45743542e+02
  2.97420673e+02 -9.75991711e+01]
[ 2.63000000e+02  3.14500000e+02 -2.57939240e-02  2.45158482e+02
  2.97965212e+02 -9.50015299e+01]
[ 2.60500000e+02  3.14500000e+02 -2.70415954e-02  2.41783409e+02
  2.99007597e+02 -9.51243639e+01]
[ 2.60500000e+02  3.15000000e+02 -2.62748618e-02  2.41292934e+02
  2.99402962e+02 -9.18550193e+01]
[ 2.61000000e+02  3.14500000e+02 -2.55594384e-02  2.41690369e+02
  2.99739218e+02 -9.08160489e+01]
[ 2.60500000e+02  3.16000000e+02 -2.58651497e-02  2.42081299e+02
  3.00357485e+02 -9.01441611e+01]
[ 2.59000000e+02  3.16500000e+02 -2.67149555e-02  2.40965080e+02
  3.02102966e+02 -8.97868462e+01]
[ 2.59000000e+02  3.16500000e+02 -2.68712016e-02  2.40926800e+02
  3.01519947e+02 -9.04840752e+01]
[ 2.60000000e+02  3.16500000e+02 -2.62229061e-02  2.41722717e+02
  3.01499920e+02 -9.31584109e+01]
[ 2.60000000e+02  3.16000000e+02 -2.60500573e-02  2.42248611e+02
  3.01282625e+02 -9.11029000e+01]
[ 2.61500000e+02  3.15500000e+02 -2.58476622e-02  2.42426834e+02
  2.99145641e+02 -8.94983746e+01]
[ 2.61000000e+02  3.14500000e+02 -2.57820543e-02  2.44088020e+02
  2.98415451e+02 -9.26892199e+01]
[ 2.62000000e+02  3.15000000e+02 -2.66003851e-02  2.44195290e+02
  2.98904715e+02 -9.55071151e+01]
[ 2.61000000e+02  3.15500000e+02 -2.67208582e-02  2.41908207e+02
  3.00884657e+02 -9.16253664e+01]
[ 2.63500000e+02  3.15500000e+02 -2.60164104e-02  2.45897751e+02
  3.00862856e+02 -9.37684737e+01]
[ 2.65500000e+02  3.15500000e+02 -2.47115316e-02  2.50131302e+02
  2.99722738e+02 -9.74565893e+01]
[ 2.66000000e+02  3.14500000e+02 -2.57872613e-02  2.50688686e+02
  2.98742609e+02 -1.01208631e+02]
[ 2.67500000e+02  3.14500000e+02 -2.50234492e-02  2.52810516e+02
  2.99724598e+02 -9.88475829e+01]
[ 2.67000000e+02  3.14500000e+02 -2.64147408e-02  2.53587456e+02
  2.99311295e+02 -9.93972905e+01]
[ 2.68500000e+02  3.14500000e+02 -2.66351029e-02  2.54828568e+02
  2.99075232e+02 -1.00922339e+02]
[ 2.68500000e+02  3.13000000e+02 -2.73765782e-02  2.55428734e+02
  2.96947575e+02 -1.04447778e+02]
[ 2.70000000e+02  3.12500000e+02 -2.63277106e-02  2.57635040e+02
  2.96935873e+02 -1.04702331e+02]
[ 2.70500000e+02  3.11500000e+02 -2.61352630e-02  2.59543552e+02
  2.95949907e+02 -1.06805284e+02]
[ 2.72000000e+02  3.11500000e+02 -2.42730258e-02  2.62094593e+02
  2.96236410e+02 -1.06766693e+02]
[ 2.74500000e+02  3.10500000e+02 -2.35194392e-02  2.65099125e+02
  2.94732056e+02 -1.09447617e+02]
[ 2.75500000e+02  3.09500000e+02 -2.21979069e-02  2.67544613e+02
  2.92786245e+02 -1.13216233e+02]
[ 2.79000000e+02  3.08500000e+02 -2.10633771e-02  2.71115208e+02
  2.91819191e+02 -1.17238518e+02]
[ 2.82500000e+02  3.08500000e+02 -1.91346291e-02  2.75872059e+02
  2.90981455e+02 -1.21047031e+02]
[ 2.86000000e+02  3.08500000e+02 -1.69849480e-02  2.79967556e+02
  2.91804342e+02 -1.27683342e+02]
[ 2.92000000e+02  3.08000000e+02 -1.36443881e-02  2.86176682e+02
  2.91176777e+02 -1.32926825e+02]
[ 2.96500000e+02  3.07500000e+02 -1.16576743e-02  2.91145630e+02
  2.90736179e+02 -1.36277709e+02]
[ 3.01000000e+02  3.07500000e+02 -8.83441302e-03  2.96907673e+02
  2.91307783e+02 -1.40308242e+02]
[ 3.07500000e+02  3.07500000e+02 -7.39561650e-03  3.03940582e+02
  2.91017733e+02 -1.42500356e+02]
[ 3.11000000e+02  3.06500000e+02 -8.62753636e-03  3.07940311e+02
  2.90155420e+02 -1.45763766e+02]
[ 3.15500000e+02  3.06000000e+02 -8.14060860e-03  3.12497082e+02
  2.89579124e+02 -1.46648806e+02]
[ 3.20000000e+02  3.06500000e+02 -8.25711444e-03  3.17251377e+02
  2.90228949e+02 -1.49791270e+02]
[ 3.24500000e+02  3.06000000e+02 -8.52962537e-03  3.22453995e+02
  2.89206905e+02 -1.50620732e+02]
[ 3.31500000e+02  3.06000000e+02 -7.71989231e-03  3.30033951e+02
  2.89640951e+02 -1.50354959e+02]
[ 3.36500000e+02  3.06500000e+02 -7.75520550e-03  3.36516914e+02
  2.90118027e+02 -1.50295816e+02]
[ 3.41500000e+02  3.06000000e+02 -7.65969511e-03  3.42294731e+02
  2.89465799e+02 -1.49539568e+02]
[ 3.46000000e+02  3.06000000e+02 -6.87329180e-03  3.47953796e+02
  2.89618378e+02 -1.50204029e+02]
[ 3.52500000e+02  3.06000000e+02 -6.50810858e-03  3.54355507e+02
  2.89703493e+02 -1.47261143e+02]
[ 3.57500000e+02  3.06000000e+02 -6.69782766e-03  3.60873146e+02
  2.89809437e+02 -1.42084133e+02]
[ 3.63500000e+02  3.06000000e+02 -7.96651770e-03  3.66710243e+02
  2.89070492e+02 -1.38604648e+02]
[ 3.68500000e+02  3.05500000e+02 -1.01091780e-02  3.71854324e+02
  2.88952303e+02 -1.37186252e+02]
[ 3.73500000e+02  3.06000000e+02 -1.31464705e-02  3.77551727e+02
  2.89821310e+02 -1.35056734e+02]
[ 3.79000000e+02  3.05500000e+02 -1.62415318e-02  3.83595734e+02
  2.88949127e+02 -1.31944980e+02]
[ 3.83500000e+02  3.05000000e+02 -1.81652289e-02  3.88599892e+02
  2.87796421e+02 -1.29136696e+02]
[ 3.87000000e+02  3.05000000e+02 -1.97447473e-02  3.93389015e+02
  2.87871265e+02 -1.27158880e+02]
[ 3.89500000e+02  3.04500000e+02 -2.06884407e-02  3.96393852e+02
  2.87891636e+02 -1.25627819e+02]
[ 3.93500000e+02  3.05000000e+02 -2.25152010e-02  4.00038338e+02
  2.88055029e+02 -1.19471077e+02]
[ 3.98000000e+02  3.05000000e+02 -2.44922368e-02  4.05165672e+02
  2.88684597e+02 -1.16228398e+02]
[ 4.01000000e+02  3.05500000e+02 -2.59441547e-02  4.08650513e+02
  2.88749142e+02 -1.10069565e+02]
[ 4.05000000e+02  3.05000000e+02 -2.68411608e-02  4.12061501e+02
  2.87584019e+02 -1.05091330e+02]
[ 4.07500000e+02  3.05000000e+02 -2.70946966e-02  4.14557762e+02
  2.87914495e+02 -1.03028901e+02]
[ 4.09000000e+02  3.06000000e+02 -2.74714492e-02  4.17251015e+02
  2.89432726e+02 -1.03504300e+02]
[ 4.11500000e+02  3.06000000e+02 -2.73163710e-02  4.19582329e+02
  2.89470606e+02 -9.80849415e+01]
[ 4.14000000e+02  3.07500000e+02 -2.82502482e-02  4.24165421e+02
  2.91441593e+02 -9.23082791e+01]
[ 4.14000000e+02  3.09000000e+02 -2.81792060e-02  4.27553978e+02
  2.93509769e+02 -8.80416334e+01]
[ 4.17500000e+02  3.09500000e+02 -2.97571952e-02  4.32324257e+02
  2.94160595e+02 -8.68364330e+01]
[ 4.19000000e+02  3.09000000e+02 -3.02363159e-02  4.33160400e+02
  2.93287783e+02 -8.26068912e+01]
[ 4.18500000e+02  3.10500000e+02 -3.03472560e-02  4.35729179e+02
  2.95153484e+02 -7.87328258e+01]
[ 4.20000000e+02  3.11500000e+02 -2.90498463e-02  4.40116501e+02
  2.97497692e+02 -7.32234735e+01]
[ 4.22500000e+02  3.12500000e+02 -2.96033593e-02  4.42199326e+02
  2.98804035e+02 -7.62426574e+01]
[ 4.22000000e+02  3.12500000e+02 -2.81720962e-02  4.43680534e+02
  2.99313383e+02 -7.12109171e+01]
[ 4.21500000e+02  3.13000000e+02 -2.88518704e-02  4.44123764e+02
  3.00511351e+02 -7.39559121e+01]
[ 4.25000000e+02  3.14000000e+02 -2.87180441e-02  4.47779427e+02
  3.01316156e+02 -7.53505547e+01]
[ 4.26000000e+02  3.15500000e+02 -2.78316522e-02  4.48484116e+02
  3.04529629e+02 -7.40849711e+01]
[ 4.27000000e+02  3.15500000e+02 -2.67812777e-02  4.48476791e+02
  3.03190556e+02 -7.23735318e+01]
[ 4.26500000e+02  3.14000000e+02 -2.64413832e-02  4.48147583e+02
  3.01625490e+02 -7.07455873e+01]
[ 4.26500000e+02  3.15500000e+02 -2.54848981e-02  4.47624588e+02
  3.03638105e+02 -7.12025408e+01]
[ 4.26500000e+02  3.14500000e+02 -2.52313176e-02  4.47832489e+02
  3.02182989e+02 -7.09069613e+01]
[ 4.27500000e+02  3.14500000e+02 -2.53939321e-02  4.47959023e+02
  3.01429710e+02 -7.31049031e+01]
[ 4.28000000e+02  3.14500000e+02 -2.49481732e-02  4.48357201e+02
  3.01298046e+02 -7.12467469e+01]
[ 4.28500000e+02  3.14000000e+02 -2.48593474e-02  4.47506943e+02
  3.01110764e+02 -7.13907368e+01]
[ 4.27000000e+02  3.14000000e+02 -2.56059626e-02  4.46114159e+02
  3.00291796e+02 -7.21806865e+01]
[ 4.26500000e+02  3.14000000e+02 -2.59164255e-02  4.45555534e+02
  3.00264559e+02 -7.22546484e+01]
[ 4.26500000e+02  3.14000000e+02 -2.52047982e-02  4.46424255e+02
  3.01869593e+02 -7.18763955e+01]
[ 4.28000000e+02  3.13500000e+02 -2.64126435e-02  4.45810089e+02
  3.00611544e+02 -7.45498370e+01]
[ 4.26500000e+02  3.13500000e+02 -2.66381362e-02  4.46010208e+02
  3.00945940e+02 -7.35742897e+01]
[ 4.25500000e+02  3.14000000e+02 -2.65300823e-02  4.43886299e+02
  3.01330175e+02 -7.28429686e+01]
[ 4.25000000e+02  3.12500000e+02 -2.91624665e-02  4.43441963e+02
  2.98244762e+02 -7.74777755e+01]
[ 4.24000000e+02  3.11500000e+02 -2.84747081e-02  4.42989960e+02
  2.97484217e+02 -7.81312007e+01]
[ 4.21500000e+02  3.11000000e+02 -2.92383404e-02  4.40958366e+02
  2.96440659e+02 -7.74896387e+01]
[ 4.22000000e+02  3.09000000e+02 -2.90088719e-02  4.37735252e+02
  2.93189049e+02 -8.11967757e+01]
[ 4.20500000e+02  3.08000000e+02 -3.03123230e-02  4.35450249e+02
  2.92589436e+02 -8.57235175e+01]
[ 4.19000000e+02  3.08000000e+02 -2.93856971e-02  4.32342186e+02
  2.92268200e+02 -8.25757328e+01]
[ 4.18500000e+02  3.08000000e+02 -2.86545465e-02  4.30832672e+02
  2.92464809e+02 -8.40777531e+01]
[ 4.16000000e+02  3.06500000e+02 -2.88351653e-02  4.28868713e+02
  2.90922489e+02 -9.15619209e+01]
[ 4.16000000e+02  3.05500000e+02 -2.90246485e-02  4.26761818e+02
  2.88150873e+02 -9.32071097e+01]
[ 4.13500000e+02  3.05500000e+02 -2.90830387e-02  4.23025131e+02
  2.88167696e+02 -9.56784077e+01]
[ 4.10500000e+02  3.04500000e+02 -2.68640984e-02  4.17932472e+02
  2.87555609e+02 -9.72237065e+01]
[ 4.09000000e+02  3.04500000e+02 -2.75287069e-02  4.16370697e+02
  2.87515554e+02 -1.03756931e+02]
[ 4.05500000e+02  3.04500000e+02 -2.53675431e-02  4.12857094e+02
  2.87976437e+02 -1.07407462e+02]
[ 4.01500000e+02  3.04500000e+02 -2.38283332e-02  4.08169899e+02
  2.87581730e+02 -1.10494718e+02]
[ 3.96000000e+02  3.03500000e+02 -2.20695892e-02  4.01686172e+02
  2.86421843e+02 -1.19217161e+02]
[ 3.89500000e+02  3.03000000e+02 -1.88397947e-02  3.94283981e+02
  2.85394192e+02 -1.29416630e+02]
[ 3.83000000e+02  3.04000000e+02 -1.55786490e-02  3.87834282e+02
  2.87298288e+02 -1.34135026e+02]
[ 3.77000000e+02  3.04000000e+02 -1.36813058e-02  3.81951218e+02
  2.87750959e+02 -1.37024537e+02]
[ 3.72000000e+02  3.04000000e+02 -1.18573635e-02  3.75745964e+02
  2.87187567e+02 -1.38995793e+02]
[ 3.67000000e+02  3.03500000e+02 -8.22493923e-03  3.70180931e+02
  2.87515039e+02 -1.42016105e+02]
[ 3.62000000e+02  3.03000000e+02 -7.91143195e-03  3.64421272e+02
  2.86862755e+02 -1.41320363e+02]
[ 3.57500000e+02  3.03000000e+02 -7.60460646e-03  3.59574928e+02
  2.86499977e+02 -1.44265864e+02]
[ 3.53500000e+02  3.02500000e+02 -8.42526974e-03  3.55453262e+02
  2.85557842e+02 -1.45171110e+02]
[ 3.50500000e+02  3.03000000e+02 -7.41079851e-03  3.52110100e+02
  2.86532850e+02 -1.44638099e+02]
[ 3.47000000e+02  3.02500000e+02 -7.43703567e-03  3.48635597e+02
  2.85992260e+02 -1.46520037e+02]
[ 3.45000000e+02  3.02500000e+02 -6.80463167e-03  3.46423302e+02
  2.86414175e+02 -1.46322906e+02]
[ 3.43500000e+02  3.02000000e+02 -7.71601684e-03  3.44239311e+02
  2.85334053e+02 -1.44925922e+02]
[ 3.41000000e+02  3.01000000e+02 -7.39696808e-03  3.41276779e+02
  2.84700079e+02 -1.45752210e+02]
[ 3.39000000e+02  3.00500000e+02 -8.35567038e-03  3.39137535e+02
  2.83734341e+02 -1.45469025e+02]
[ 3.37500000e+02  2.99500000e+02 -8.45366134e-03  3.37178078e+02
  2.82565699e+02 -1.45957589e+02]
[ 3.35500000e+02  2.97500000e+02 -7.58233736e-03  3.35636482e+02
  2.80861359e+02 -1.47821166e+02]
[ 3.34000000e+02  2.96000000e+02 -7.75657711e-03  3.33876572e+02
  2.78922358e+02 -1.47538003e+02]
[ 3.33500000e+02  2.94500000e+02 -8.43784818e-03  3.33310928e+02
  2.76856441e+02 -1.47428937e+02]
[ 3.32500000e+02  2.93000000e+02 -9.00913356e-03  3.32899895e+02
  2.75080690e+02 -1.46031283e+02]
[ 3.33000000e+02  2.91000000e+02 -8.87435954e-03  3.32934418e+02
  2.73466272e+02 -1.46151613e+02]
[ 3.32500000e+02  2.89000000e+02 -9.94200865e-03  3.32324181e+02
  2.71378927e+02 -1.45766895e+02]
[ 3.30500000e+02  2.86500000e+02 -1.16194440e-02  3.30489731e+02
  2.68510237e+02 -1.44687362e+02]
[ 3.30500000e+02  2.83500000e+02 -1.28226778e-02  3.30317116e+02
  2.65075378e+02 -1.44782804e+02]
[ 3.31500000e+02  2.80500000e+02 -1.45375421e-02  3.31180534e+02
  2.61928253e+02 -1.41972139e+02]
[ 3.31000000e+02  2.77000000e+02 -1.59204868e-02  3.30575027e+02
  2.58600454e+02 -1.40113100e+02]
[ 3.31000000e+02  2.74000000e+02 -1.78358890e-02  3.30607300e+02
  2.54611444e+02 -1.38776030e+02]
[ 3.31000000e+02  2.70500000e+02 -2.01091822e-02  3.30286598e+02
  2.51331682e+02 -1.36664305e+02]
[ 3.30500000e+02  2.67500000e+02 -2.22029109e-02  3.30421829e+02
  2.48089514e+02 -1.34620070e+02]
[ 3.30000000e+02  2.64000000e+02 -2.38201478e-02  3.30040855e+02
  2.45175676e+02 -1.31342020e+02]
[ 3.30500000e+02  2.60500000e+02 -2.44412953e-02  3.30235023e+02
  2.41784477e+02 -1.29732460e+02]
[ 3.30500000e+02  2.58000000e+02 -2.73532784e-02  3.30612183e+02
  2.38329363e+02 -1.27135221e+02]
[ 3.31500000e+02  2.55500000e+02 -2.86763981e-02  3.31287193e+02
  2.36268969e+02 -1.25192117e+02]
[ 3.31500000e+02  2.53500000e+02 -3.02877780e-02  3.31681519e+02
  2.33764629e+02 -1.23633329e+02]
[ 3.32000000e+02  2.51000000e+02 -3.17478292e-02  3.32253685e+02
  2.30801024e+02 -1.21736594e+02]
[ 3.32000000e+02  2.48500000e+02 -3.34362257e-02  3.32111015e+02
  2.27847147e+02 -1.19308792e+02]
[ 3.32000000e+02  2.47000000e+02 -3.26065067e-02  3.32576523e+02
  2.26907344e+02 -1.19437829e+02]
[ 3.31000000e+02  2.46000000e+02 -3.36048622e-02  3.31885147e+02
  2.24805393e+02 -1.19703233e+02]
[ 3.31500000e+02  2.44000000e+02 -3.46393548e-02  3.31995888e+02
  2.23304358e+02 -1.18805096e+02]
[ 3.31000000e+02  2.42500000e+02 -3.68145350e-02  3.31965256e+02
  2.20894403e+02 -1.16503671e+02]
[ 3.32000000e+02  2.42500000e+02 -3.62051036e-02  3.32104416e+02
  2.21799173e+02 -1.18374344e+02]
[ 3.31500000e+02  2.41500000e+02 -3.64422873e-02  3.31914482e+02
  2.20372982e+02 -1.17008731e+02]
[ 3.32000000e+02  2.41500000e+02 -3.64383329e-02  3.32069626e+02
  2.19030876e+02 -1.13993727e+02]
[ 3.31500000e+02  2.40000000e+02 -3.61343678e-02  3.31685791e+02
  2.18807116e+02 -1.12976465e+02]
[ 3.31500000e+02  2.40000000e+02 -3.61965504e-02  3.31646347e+02
  2.18092604e+02 -1.14905220e+02]
[ 3.32000000e+02  2.39500000e+02 -3.60487197e-02  3.32068863e+02
  2.18459973e+02 -1.14023700e+02]
[ 3.32000000e+02  2.40000000e+02 -3.61949578e-02  3.32159348e+02
  2.18220692e+02 -1.14347633e+02]
[ 3.32500000e+02  2.40500000e+02 -3.60857528e-02  3.32712975e+02
  2.17565217e+02 -1.14278823e+02]
[ 3.33000000e+02  2.39500000e+02 -3.59652303e-02  3.33022194e+02
  2.18364258e+02 -1.13381200e+02]
[ 3.32000000e+02  2.40500000e+02 -3.64866722e-02  3.32336464e+02
  2.17318168e+02 -1.14716716e+02]
[ 3.32500000e+02  2.40500000e+02 -3.62040196e-02  3.32797050e+02
  2.18255038e+02 -1.13532331e+02]
[ 3.32500000e+02  2.40500000e+02 -3.69921587e-02  3.32931480e+02
  2.17726936e+02 -1.14397053e+02]
[ 3.32500000e+02  2.40500000e+02 -3.66130825e-02  3.32824097e+02
  2.18509269e+02 -1.14961334e+02]
[ 3.32500000e+02  2.41500000e+02 -3.70333772e-02  3.32569885e+02
  2.18695693e+02 -1.16348237e+02]
[ 3.32500000e+02  2.41000000e+02 -3.65642123e-02  3.33078461e+02
  2.19327536e+02 -1.15231041e+02]
[ 3.33000000e+02  2.42000000e+02 -3.54321357e-02  3.33424339e+02
  2.21084275e+02 -1.15332194e+02]
[ 3.33500000e+02  2.43000000e+02 -3.67165897e-02  3.33667297e+02
  2.22008500e+02 -1.16285473e+02]
[ 3.35500000e+02  2.44500000e+02 -3.54490150e-02  3.35390358e+02
  2.24603477e+02 -1.18149206e+02]
[ 3.35500000e+02  2.46000000e+02 -3.56612671e-02  3.35910492e+02
  2.25812187e+02 -1.19114868e+02]
[ 3.34500000e+02  2.48000000e+02 -3.35371513e-02  3.34764328e+02
  2.28871207e+02 -1.21565692e+02]
[ 3.35500000e+02  2.51000000e+02 -3.28120459e-02  3.35910149e+02
  2.30755963e+02 -1.22893319e+02]
[ 3.36500000e+02  2.54500000e+02 -3.10108382e-02  3.36416016e+02
  2.34430103e+02 -1.26545213e+02]
[ 3.37000000e+02  2.57000000e+02 -2.92969234e-02  3.37044983e+02
  2.37470741e+02 -1.26569599e+02]
[ 3.37500000e+02  2.61000000e+02 -2.70541413e-02  3.37548752e+02
  2.41133795e+02 -1.29039522e+02]
[ 3.38000000e+02  2.64500000e+02 -2.50309296e-02  3.38265572e+02
  2.44499531e+02 -1.31730113e+02]
[ 3.38500000e+02  2.68500000e+02 -2.25614244e-02  3.38274422e+02
  2.48603497e+02 -1.33476365e+02]
[ 3.40000000e+02  2.73000000e+02 -2.10840069e-02  3.40005112e+02
  2.53136415e+02 -1.35240287e+02]
[ 3.40000000e+02  2.77500000e+02 -1.92749882e-02  3.40690804e+02
  2.58113279e+02 -1.37064345e+02]
[ 3.41000000e+02  2.82500000e+02 -1.59157589e-02  3.41623421e+02
  2.62635813e+02 -1.37894288e+02]
[ 3.42000000e+02  2.87500000e+02 -1.40787321e-02  3.42709770e+02
  2.68967113e+02 -1.36334304e+02]
[ 3.44000000e+02  2.93000000e+02 -1.29645220e-02  3.44034691e+02
  2.74678202e+02 -1.37962762e+02]
[ 3.45000000e+02  2.99500000e+02 -9.35905590e-03  3.45532150e+02
  2.82594223e+02 -1.38951637e+02]
[ 3.46000000e+02  3.06000000e+02 -6.78792770e-03  3.46873016e+02
  2.89248819e+02 -1.37465481e+02]
[ 3.47000000e+02  3.12000000e+02 -4.94891993e-03  3.47409897e+02
  2.96654034e+02 -1.36642691e+02]
[ 3.46500000e+02  3.18500000e+02 -2.10732187e-03  3.47351265e+02
  3.03686914e+02 -1.34619310e+02]
[ 3.46500000e+02  3.25000000e+02 -3.55513766e-04  3.47657089e+02
  3.11328993e+02 -1.37165420e+02]
[ 3.47000000e+02  3.31000000e+02  3.20546429e-03  3.48195686e+02
  3.18591843e+02 -1.38286997e+02]
[ 3.47500000e+02  3.37000000e+02  3.64772568e-03  3.48739967e+02
  3.25250044e+02 -1.37836799e+02]
[ 3.48000000e+02  3.43000000e+02  7.90764927e-03  3.49119987e+02
  3.33046703e+02 -1.36716597e+02]
[ 3.48500000e+02  3.47500000e+02  9.78098204e-03  3.49696121e+02
  3.38744860e+02 -1.39368430e+02]
[ 3.49000000e+02  3.52500000e+02  1.02243209e-02  3.50428009e+02
  3.43586197e+02 -1.42131496e+02]
[ 3.47500000e+02  3.56500000e+02  1.05051319e-02  3.49994659e+02
  3.48992157e+02 -1.39915667e+02]
[ 3.47000000e+02  3.60500000e+02  1.13265500e-02  3.49465256e+02
  3.53258600e+02 -1.41988065e+02]
[ 3.48000000e+02  3.64500000e+02  1.14490769e-02  3.50291176e+02
  3.58243217e+02 -1.38619211e+02]
[ 3.47000000e+02  3.68000000e+02  1.12306848e-02  3.49867744e+02
  3.63307829e+02 -1.33057181e+02]
[ 3.46000000e+02  3.72000000e+02  1.11573528e-02  3.48687592e+02
  3.68695879e+02 -1.29078951e+02]
[ 3.44500000e+02  3.76000000e+02  1.05807483e-02  3.46267815e+02
  3.73104744e+02 -1.27024412e+02]
[ 3.44000000e+02  3.80500000e+02  1.06499300e-02  3.46196480e+02
  3.78924894e+02 -1.22653764e+02]
[ 3.44500000e+02  3.83500000e+02  1.02024281e-02  3.46515083e+02
  3.81742716e+02 -1.19729988e+02]
[ 3.42500000e+02  3.85500000e+02  1.02306162e-02  3.45008926e+02
  3.83502474e+02 -1.17098618e+02]
[ 3.43000000e+02  3.89000000e+02  9.89388209e-03  3.45664406e+02
  3.87085104e+02 -1.12841081e+02]
[ 3.42500000e+02  3.91000000e+02  1.00830491e-02  3.44436455e+02
  3.88381290e+02 -1.13852687e+02]
[ 3.42000000e+02  3.93000000e+02  1.01242349e-02  3.44690437e+02
  3.90854244e+02 -1.14280879e+02]
[ 3.44000000e+02  3.96000000e+02  9.64237703e-03  3.46187057e+02
  3.95960283e+02 -1.09292228e+02]
[ 3.46500000e+02  3.98000000e+02  9.86944837e-03  3.47499466e+02
  3.97522259e+02 -1.12336993e+02]
[ 3.48500000e+02  3.99500000e+02  9.74435918e-03  3.48684349e+02
  3.99403667e+02 -1.11265440e+02]
[ 3.50500000e+02  3.99500000e+02  9.78322141e-03  3.50185318e+02
  3.99942083e+02 -1.13267586e+02]
[ 3.50000000e+02  4.00500000e+02  9.78380442e-03  3.50219612e+02
  4.00537148e+02 -1.13953661e+02]
[ 3.50500000e+02  4.01500000e+02  9.62269539e-03  3.51687508e+02
  4.01339378e+02 -1.08605001e+02]
[ 3.49000000e+02  4.00500000e+02  9.94199235e-03  3.50768127e+02
  4.00112171e+02 -1.10836018e+02]
[ 3.47000000e+02  4.00000000e+02  9.85982781e-03  3.49558716e+02
  3.99492359e+02 -1.10373493e+02]
[ 3.48500000e+02  3.99000000e+02  1.02369091e-02  3.50627708e+02
  3.98158808e+02 -1.11798462e+02]
[ 3.49500000e+02  3.95500000e+02  1.01819939e-02  3.51546555e+02
  3.95762329e+02 -1.13780681e+02]
[ 3.51500000e+02  3.95000000e+02  9.74869123e-03  3.52020531e+02
  3.93098888e+02 -1.12350963e+02]
[ 3.50000000e+02  3.90000000e+02  9.49700736e-03  3.51307030e+02
  3.89574051e+02 -1.13633696e+02]
[ 3.47500000e+02  3.87500000e+02  9.73767275e-03  3.49988899e+02
  3.86625996e+02 -1.15215126e+02]
[ 3.48000000e+02  3.84000000e+02  1.00078962e-02  3.51310081e+02
  3.81867170e+02 -1.18842300e+02]
[ 3.45500000e+02  3.80500000e+02  1.01752880e-02  3.49310379e+02
  3.77273855e+02 -1.21378798e+02]
[ 3.48000000e+02  3.77500000e+02  1.05129764e-02  3.51500893e+02
  3.73820486e+02 -1.24204081e+02]
[ 3.48000000e+02  3.74000000e+02  1.05187857e-02  3.51542130e+02
  3.69196386e+02 -1.26210619e+02]
[ 3.48000000e+02  3.70000000e+02  1.06881779e-02  3.51417694e+02
  3.64612083e+02 -1.29609637e+02]
[ 3.48500000e+02  3.65000000e+02  1.07426138e-02  3.51654091e+02
  3.58679667e+02 -1.34201758e+02]
[ 3.48500000e+02  3.60500000e+02  1.07489708e-02  3.51086578e+02
  3.52806759e+02 -1.38238471e+02]
[ 3.48000000e+02  3.56500000e+02  1.02936584e-02  3.50710831e+02
  3.48200483e+02 -1.37541119e+02]
[ 3.47000000e+02  3.51500000e+02  1.04392883e-02  3.49722672e+02
  3.42298622e+02 -1.41514890e+02]
[ 3.46000000e+02  3.47500000e+02  9.97778773e-03  3.48296967e+02
  3.37274981e+02 -1.44394074e+02]
[ 3.45000000e+02  3.43000000e+02  7.20762950e-03  3.47868767e+02
  3.32432871e+02 -1.44219138e+02]
[ 3.46000000e+02  3.40000000e+02  5.66681544e-03  3.48633690e+02
  3.28403864e+02 -1.43278889e+02]
[ 3.46000000e+02  3.36000000e+02  4.94929007e-03  3.48731537e+02
  3.24676237e+02 -1.42798193e+02]
[ 3.47000000e+02  3.32000000e+02  3.74880154e-03  3.49810295e+02
  3.19113121e+02 -1.43263824e+02]
[ 3.47000000e+02  3.28000000e+02  1.60089508e-03  3.49547081e+02
  3.14206495e+02 -1.44984484e+02]
[ 3.47500000e+02  3.24500000e+02  2.37957225e-04  3.50145454e+02
  3.10937662e+02 -1.45871133e+02]
[ 3.47000000e+02  3.21500000e+02 -1.08036143e-03  3.49803963e+02
  3.07618704e+02 -1.46254465e+02]
[ 3.47000000e+02  3.18500000e+02 -1.27965666e-03  3.49897499e+02
  3.04664726e+02 -1.44025616e+02]
[ 3.45000000e+02  3.15000000e+02 -2.90601177e-03  3.47814903e+02
  3.00996408e+02 -1.46205626e+02]
[ 3.46000000e+02  3.12500000e+02 -2.91563082e-03  3.48130989e+02
  2.97565870e+02 -1.45041928e+02]
[ 3.45500000e+02  3.09500000e+02 -5.09521237e-03  3.47864952e+02
  2.94003839e+02 -1.41988926e+02]
[ 3.45500000e+02  3.06500000e+02 -5.32096787e-03  3.47087669e+02
  2.90584688e+02 -1.45305745e+02]
[ 3.44500000e+02  3.03500000e+02 -7.47651141e-03  3.46470490e+02
  2.87835789e+02 -1.42513186e+02]
[ 3.43500000e+02  3.00500000e+02 -7.97060994e-03  3.45894165e+02
  2.84357729e+02 -1.43132899e+02]
[ 3.43500000e+02  2.99000000e+02 -7.74411531e-03  3.45145950e+02
  2.82371206e+02 -1.42734233e+02]
[ 3.43500000e+02  2.97000000e+02 -8.07286613e-03  3.45538330e+02
  2.80338478e+02 -1.42887499e+02]
[ 3.44000000e+02  2.95000000e+02 -9.42062214e-03  3.45987434e+02
  2.78492718e+02 -1.41322039e+02]
[ 3.44500000e+02  2.94000000e+02 -9.90401884e-03  3.45909119e+02
  2.77226801e+02 -1.40984315e+02]
[ 3.45500000e+02  2.92000000e+02 -9.49694146e-03  3.45988541e+02
  2.75931330e+02 -1.41240668e+02]
[ 3.45500000e+02  2.90500000e+02 -8.76414473e-03  3.44687653e+02
  2.74296112e+02 -1.41153775e+02]
[ 3.46000000e+02  2.88500000e+02 -9.69851133e-03  3.44124832e+02
  2.72776766e+02 -1.40006762e+02]
[ 3.46000000e+02  2.86500000e+02 -1.09614611e-02  3.42869492e+02
  2.70963020e+02 -1.38870265e+02]
[ 3.45500000e+02  2.84500000e+02 -1.01333053e-02  3.40959206e+02
  2.69476376e+02 -1.41878653e+02]
[ 3.45500000e+02  2.82000000e+02 -1.07536463e-02  3.39807854e+02
  2.67856693e+02 -1.41187258e+02]
[ 3.45000000e+02  2.81000000e+02 -1.12637591e-02  3.37558250e+02
  2.67376528e+02 -1.41540337e+02]
[ 3.44000000e+02  2.79500000e+02 -1.09491972e-02  3.35043259e+02
  2.66619530e+02 -1.40893880e+02]
[ 3.42500000e+02  2.78500000e+02 -1.06071574e-02  3.32654533e+02
  2.66802893e+02 -1.41758680e+02]
[ 3.41000000e+02  2.79000000e+02 -1.02400223e-02  3.29828339e+02
  2.67101812e+02 -1.41068548e+02]
[ 3.38500000e+02  2.78500000e+02 -1.10094848e-02  3.27845497e+02
  2.67492313e+02 -1.41018022e+02]
[ 3.36000000e+02  2.78000000e+02 -1.07423556e-02  3.26261711e+02
  2.67992020e+02 -1.43019542e+02]
[ 3.33500000e+02  2.78500000e+02 -1.11685728e-02  3.24479523e+02
  2.68914471e+02 -1.41597770e+02]
[ 3.30500000e+02  2.79500000e+02 -1.03468064e-02  3.22535400e+02
  2.70195265e+02 -1.39292970e+02]
[ 3.28000000e+02  2.80500000e+02 -9.47978708e-03  3.21278229e+02
  2.71627607e+02 -1.39481854e+02]
[ 3.26000000e+02  2.82000000e+02 -9.24988859e-03  3.19201183e+02
  2.73031340e+02 -1.38162564e+02]
[ 3.24000000e+02  2.84000000e+02 -7.94112380e-03  3.18534660e+02
  2.75491161e+02 -1.39235359e+02]
[ 3.23000000e+02  2.85500000e+02 -6.97505148e-03  3.17385979e+02
  2.77590637e+02 -1.40576430e+02]
[ 3.22000000e+02  2.87500000e+02 -5.50264126e-03  3.16818581e+02
  2.79956818e+02 -1.40850116e+02]
[ 3.21500000e+02  2.89500000e+02 -5.32272307e-03  3.16703358e+02
  2.81719751e+02 -1.41305376e+02]
[ 3.21500000e+02  2.91500000e+02 -4.70557514e-03  3.17381039e+02
  2.84019842e+02 -1.40557878e+02]
[ 3.21000000e+02  2.93500000e+02 -3.83784555e-03  3.18023300e+02
  2.85941420e+02 -1.42421532e+02]
[ 3.22000000e+02  2.94500000e+02 -2.88367714e-03  3.19777184e+02
  2.87029581e+02 -1.42343871e+02]
[ 3.22500000e+02  2.95500000e+02 -1.62735838e-03  3.20416031e+02
  2.88730745e+02 -1.43220048e+02]
[ 3.23000000e+02  2.95500000e+02 -1.82148721e-03  3.21293831e+02
  2.89068689e+02 -1.43160582e+02]
[ 3.24000000e+02  2.96000000e+02 -1.99183554e-03  3.22766647e+02
  2.89291906e+02 -1.43464644e+02]
[ 3.25000000e+02  2.96000000e+02 -1.39339932e-03  3.23584290e+02
  2.89682522e+02 -1.44195534e+02]
[ 3.26000000e+02  2.95500000e+02 -1.74556905e-03  3.24795227e+02
  2.89158897e+02 -1.44263215e+02]
[ 3.26500000e+02  2.95500000e+02 -1.64386327e-03  3.25227776e+02
  2.89211969e+02 -1.44657120e+02]
[ 3.27500000e+02  2.94500000e+02 -1.37235434e-03  3.26292496e+02
  2.88568926e+02 -1.46038055e+02]
[ 3.29000000e+02  2.94500000e+02 -2.25778867e-03  3.26991158e+02
  2.87599812e+02 -1.45974342e+02]
[ 3.30500000e+02  2.93000000e+02 -2.73990445e-03  3.28141289e+02
  2.85968256e+02 -1.45006411e+02]
[ 3.32000000e+02  2.91500000e+02 -2.57630617e-03  3.29102631e+02
  2.84774179e+02 -1.43554408e+02]
[ 3.33000000e+02  2.89500000e+02 -3.56107746e-03  3.29769669e+02
  2.82721539e+02 -1.42962601e+02]
[ 3.35000000e+02  2.87000000e+02 -4.37452958e-03  3.30488663e+02
  2.80595312e+02 -1.40562907e+02]
[ 3.37000000e+02  2.86000000e+02 -4.32919967e-03  3.31689262e+02
  2.79456711e+02 -1.40709121e+02]
[ 3.38000000e+02  2.85000000e+02 -6.13058801e-03  3.31458511e+02
  2.77913532e+02 -1.38751712e+02]
[ 3.39500000e+02  2.84000000e+02 -5.88267477e-03  3.31593437e+02
  2.75832310e+02 -1.38290372e+02]
[ 3.41000000e+02  2.83000000e+02 -8.43767426e-03  3.31584587e+02
  2.73969727e+02 -1.37253854e+02]
[ 3.43000000e+02  2.82000000e+02 -9.61976079e-03  3.32399826e+02
  2.71793432e+02 -1.36199500e+02]
[ 3.42500000e+02  2.81000000e+02 -9.67092905e-03  3.32476540e+02
  2.70616035e+02 -1.35817688e+02]
[ 3.42500000e+02  2.80000000e+02 -9.88514442e-03  3.33030663e+02
  2.68150377e+02 -1.37202960e+02]
[ 3.42000000e+02  2.79000000e+02 -1.06449397e-02  3.33404884e+02
  2.66564684e+02 -1.36013132e+02]
[ 3.41500000e+02  2.78500000e+02 -1.10717830e-02  3.34124146e+02
  2.65327463e+02 -1.37412451e+02]
[ 3.41500000e+02  2.78000000e+02 -1.13401245e-02  3.35404968e+02
  2.64234896e+02 -1.37721654e+02]
[ 3.41500000e+02  2.77000000e+02 -1.17946593e-02  3.36377029e+02
  2.62944489e+02 -1.38524853e+02]
[ 3.42000000e+02  2.77000000e+02 -1.19392700e-02  3.38086967e+02
  2.62049818e+02 -1.37980152e+02]
[ 3.43000000e+02  2.77000000e+02 -1.30476677e-02  3.40304642e+02
  2.61199579e+02 -1.37854133e+02]
[ 3.44500000e+02  2.77000000e+02 -1.34417214e-02  3.42529831e+02
  2.60009708e+02 -1.37694418e+02]
[ 3.46000000e+02  2.76500000e+02 -1.41095421e-02  3.45078354e+02
  2.59256945e+02 -1.37281660e+02]
[ 3.46500000e+02  2.76500000e+02 -1.48111400e-02  3.47421265e+02
  2.58790369e+02 -1.37029801e+02]
[ 3.47500000e+02  2.76500000e+02 -1.46281337e-02  3.49225349e+02
  2.58920031e+02 -1.37374822e+02]
[ 3.48000000e+02  2.75500000e+02 -1.40643450e-02  3.51279297e+02
  2.58922434e+02 -1.38229083e+02]
[ 3.49000000e+02  2.75000000e+02 -1.42312208e-02  3.53110275e+02
  2.58944578e+02 -1.37706924e+02]
[ 3.49000000e+02  2.74500000e+02 -1.40933339e-02  3.54443665e+02
  2.58776922e+02 -1.38022386e+02]
[ 3.49000000e+02  2.74500000e+02 -1.46285826e-02  3.55980377e+02
  2.58044729e+02 -1.38160575e+02]
[ 3.49000000e+02  2.73500000e+02 -1.50104268e-02  3.57269554e+02
  2.58311119e+02 -1.38832033e+02]
[ 3.50000000e+02  2.73000000e+02 -1.49209895e-02  3.59481277e+02
  2.58487501e+02 -1.39446460e+02]
[ 3.51000000e+02  2.72500000e+02 -1.59753398e-02  3.61898689e+02
  2.58179512e+02 -1.39657415e+02]
[ 3.53000000e+02  2.72500000e+02 -1.55497417e-02  3.64450607e+02
  2.58771744e+02 -1.39386512e+02]
[ 3.54000000e+02  2.72500000e+02 -1.51725588e-02  3.66494560e+02
  2.59694796e+02 -1.39005862e+02]
[ 3.55500000e+02  2.73000000e+02 -1.60082676e-02  3.68949699e+02
  2.60685225e+02 -1.39076717e+02]
[ 3.59500000e+02  2.74000000e+02 -1.56523231e-02  3.72228966e+02
  2.62017832e+02 -1.38694178e+02]
[ 3.62500000e+02  2.75500000e+02 -1.46832061e-02  3.74369469e+02
  2.64261932e+02 -1.39508318e+02]
[ 3.66000000e+02  2.77500000e+02 -1.42724081e-02  3.77367401e+02
  2.66290197e+02 -1.39944904e+02]
[ 3.69500000e+02  2.79000000e+02 -1.47973909e-02  3.80310020e+02
  2.67731237e+02 -1.38776589e+02]
[ 3.72000000e+02  2.80500000e+02 -1.42893288e-02  3.82702103e+02
  2.68776684e+02 -1.39387909e+02]
[ 3.75000000e+02  2.82500000e+02 -1.45519488e-02  3.85230408e+02
  2.69357128e+02 -1.38882738e+02]
[ 3.77500000e+02  2.83000000e+02 -1.47026218e-02  3.87486916e+02
  2.70935955e+02 -1.39959477e+02]
[ 3.80500000e+02  2.84500000e+02 -1.56056769e-02  3.90410194e+02
  2.71853514e+02 -1.38918165e+02]
[ 3.82500000e+02  2.86000000e+02 -1.59060997e-02  3.92222366e+02
  2.73524094e+02 -1.38440955e+02]
[ 3.84500000e+02  2.87500000e+02 -1.47642344e-02  3.93745995e+02
  2.75371685e+02 -1.38797835e+02]
[ 3.86000000e+02  2.89500000e+02 -1.48435566e-02  3.96223145e+02
  2.77259331e+02 -1.40392799e+02]
[ 3.87500000e+02  2.91000000e+02 -1.47675434e-02  3.97346497e+02
  2.78122129e+02 -1.40596177e+02]
[ 3.89000000e+02  2.91500000e+02 -1.53513718e-02  3.98706894e+02
  2.79134188e+02 -1.40660383e+02]
[ 3.90000000e+02  2.93000000e+02 -1.48206325e-02  3.98944626e+02
  2.80766773e+02 -1.37540784e+02]
[ 3.90500000e+02  2.94000000e+02 -1.42540964e-02  3.99187317e+02
  2.82551966e+02 -1.38484497e+02]
[ 3.91000000e+02  2.94500000e+02 -1.43839465e-02  3.98946648e+02
  2.83205023e+02 -1.39007304e+02]
[ 3.91500000e+02  2.95000000e+02 -1.43166254e-02  3.99228172e+02
  2.84110022e+02 -1.38089329e+02]
[ 3.91000000e+02  2.96000000e+02 -1.42783569e-02  3.99137154e+02
  2.84346972e+02 -1.38371497e+02]
[ 3.91000000e+02  2.96000000e+02 -1.38748153e-02  3.98978653e+02
  2.84541664e+02 -1.37870964e+02]
[ 3.91000000e+02  2.95000000e+02 -1.30171035e-02  3.98282509e+02
  2.84189472e+02 -1.38992518e+02]
[ 3.89500000e+02  2.94500000e+02 -1.34824472e-02  3.97510071e+02
  2.83324957e+02 -1.38810150e+02]
[ 3.88500000e+02  2.94000000e+02 -1.31796161e-02  3.96315918e+02
  2.82488165e+02 -1.38688456e+02]
[ 3.87000000e+02  2.92000000e+02 -1.39675532e-02  3.94839973e+02
  2.80716505e+02 -1.39165074e+02]
[ 3.84500000e+02  2.91000000e+02 -1.35450689e-02  3.93506012e+02
  2.79750280e+02 -1.39447924e+02]
[ 3.83000000e+02  2.88500000e+02 -1.35668507e-02  3.91074982e+02
  2.78445997e+02 -1.38593137e+02]
[ 3.80500000e+02  2.87000000e+02 -1.36252069e-02  3.89400558e+02
  2.76886425e+02 -1.38579380e+02]
[ 3.77000000e+02  2.85000000e+02 -1.29344328e-02  3.87429314e+02
  2.75170813e+02 -1.39270898e+02]
[ 3.74000000e+02  2.83000000e+02 -1.31477714e-02  3.85104370e+02
  2.73419781e+02 -1.39109183e+02]
[ 3.70500000e+02  2.82500000e+02 -1.32612386e-02  3.82594872e+02
  2.72024918e+02 -1.37502015e+02]
[ 3.66500000e+02  2.81500000e+02 -1.28610535e-02  3.79314156e+02
  2.70452185e+02 -1.36900887e+02]
[ 3.63500000e+02  2.81000000e+02 -1.31794158e-02  3.76356850e+02
  2.69479895e+02 -1.36054985e+02]
[ 3.60500000e+02  2.80500000e+02 -1.25385090e-02  3.72817421e+02
  2.68671284e+02 -1.34244550e+02]
[ 3.58500000e+02  2.81000000e+02 -1.13736107e-02  3.69430733e+02
  2.68093958e+02 -1.32884581e+02]
[ 3.56500000e+02  2.80500000e+02 -1.15242535e-02  3.66846542e+02
  2.67470598e+02 -1.32580351e+02]
[ 3.54000000e+02  2.80000000e+02 -1.05200792e-02  3.62960281e+02
  2.66954098e+02 -1.32366579e+02]
[ 3.52000000e+02  2.80500000e+02 -1.08692963e-02  3.60465164e+02
  2.67046251e+02 -1.31928094e+02]
[ 3.49500000e+02  2.81000000e+02 -1.08473254e-02  3.56761780e+02
  2.67106705e+02 -1.30031224e+02]
[ 3.47500000e+02  2.81000000e+02 -1.04895569e-02  3.53931885e+02
  2.66907921e+02 -1.28825158e+02]
[ 3.45000000e+02  2.82000000e+02 -9.54915071e-03  3.50141678e+02
  2.67872257e+02 -1.26883004e+02]
[ 3.43000000e+02  2.83000000e+02 -8.84133601e-03  3.47045135e+02
  2.68944740e+02 -1.25286553e+02]
[ 3.40000000e+02  2.84000000e+02 -9.36291600e-03  3.43882828e+02
  2.69588184e+02 -1.23432934e+02]
[ 3.37500000e+02  2.85000000e+02 -9.16136382e-03  3.40596275e+02
  2.70324526e+02 -1.22340459e+02]
[ 3.35000000e+02  2.85500000e+02 -7.98343983e-03  3.37448044e+02
  2.71445074e+02 -1.21743802e+02]
[ 3.33500000e+02  2.86500000e+02 -8.00035079e-03  3.35173111e+02
  2.72344522e+02 -1.20262887e+02]
[ 3.31000000e+02  2.87500000e+02 -7.16550904e-03  3.32120209e+02
  2.73250036e+02 -1.18041236e+02]
[ 3.28500000e+02  2.88500000e+02 -6.98241289e-03  3.29717293e+02
  2.74468288e+02 -1.17108028e+02]
[ 3.26500000e+02  2.90000000e+02 -6.97009056e-03  3.27553711e+02
  2.76162615e+02 -1.15064085e+02]
[ 3.26000000e+02  2.91500000e+02 -6.66021137e-03  3.26600380e+02
  2.78261662e+02 -1.12692442e+02]
[ 3.25500000e+02  2.93500000e+02 -5.80275408e-03  3.25851326e+02
  2.81073933e+02 -1.11004785e+02]
[ 3.25000000e+02  2.94500000e+02 -5.69575769e-03  3.25100555e+02
  2.82467508e+02 -1.09364759e+02]
[ 3.24500000e+02  2.95500000e+02 -6.20427751e-03  3.24358559e+02
  2.83976727e+02 -1.08908582e+02]
[ 3.24000000e+02  2.97000000e+02 -6.31759106e-03  3.23959961e+02
  2.85891123e+02 -1.07060116e+02]
[ 3.23500000e+02  2.98500000e+02 -5.91224083e-03  3.23316879e+02
  2.86879463e+02 -1.06437385e+02]
[ 3.23500000e+02  3.00500000e+02 -5.15171606e-03  3.23176498e+02
  2.89101248e+02 -1.03254005e+02]
[ 3.23500000e+02  3.01500000e+02 -5.64067531e-03  3.23026123e+02
  2.90837631e+02 -1.00235470e+02]
[ 3.21500000e+02  3.04500000e+02 -3.89305071e-03  3.21693420e+02
  2.94339924e+02 -9.95654985e+01]
[ 3.22000000e+02  3.06500000e+02 -4.63835883e-03  3.21447372e+02
  2.96431904e+02 -9.70705412e+01]
[ 3.22000000e+02  3.08500000e+02 -4.77087754e-03  3.21152306e+02
  2.98873186e+02 -9.50041451e+01]
[ 3.20500000e+02  3.11500000e+02 -3.57649091e-03  3.20172043e+02
  3.01479435e+02 -9.43654217e+01]
[ 3.19500000e+02  3.13500000e+02 -3.13404202e-03  3.19042683e+02
  3.04519958e+02 -9.26920809e+01]
[ 3.20000000e+02  3.15500000e+02 -3.28005175e-03  3.19109592e+02
  3.06497984e+02 -9.06928685e+01]
[ 3.21000000e+02  3.18000000e+02 -2.52866885e-03  3.20138321e+02
  3.09802980e+02 -8.82495493e+01]
[ 3.22000000e+02  3.21500000e+02 -1.21560268e-03  3.21210136e+02
  3.13121653e+02 -8.58701002e+01]
[ 3.22000000e+02  3.23500000e+02 -1.95711013e-03  3.21816826e+02
  3.15714426e+02 -8.38458594e+01]
[ 3.24500000e+02  3.26000000e+02 -6.25127286e-04  3.23883057e+02
  3.18672180e+02 -8.30195043e+01]
[ 3.26000000e+02  3.28000000e+02 -1.09098564e-03  3.25460815e+02
  3.20713062e+02 -8.25533532e+01]
[ 3.28000000e+02  3.30000000e+02 -1.37081515e-03  3.27736015e+02
  3.22559366e+02 -8.08070507e+01]
[ 3.30000000e+02  3.31000000e+02 -1.27525872e-03  3.29788322e+02
  3.23935146e+02 -7.88245630e+01]
[ 3.32000000e+02  3.32500000e+02 -1.35367137e-03  3.31682739e+02
  3.25119038e+02 -7.74855483e+01]
[ 3.34500000e+02  3.33500000e+02 -1.02736484e-03  3.34034081e+02
  3.26821575e+02 -7.65163377e+01]
[ 3.36000000e+02  3.35500000e+02 -9.48161614e-04  3.35745926e+02
  3.28900337e+02 -7.44171012e+01]
[ 3.39000000e+02  3.38000000e+02  1.98984606e-04  3.38502922e+02
  3.31780272e+02 -7.39290286e+01]
[ 3.40500000e+02  3.39000000e+02 -4.16502597e-04  3.40013275e+02
  3.32810669e+02 -7.22107608e+01]
[ 3.43000000e+02  3.40500000e+02 -1.50355034e-04  3.42937088e+02
  3.34305553e+02 -7.10463692e+01]
[ 3.45000000e+02  3.41500000e+02 -8.63305904e-04  3.44635391e+02
  3.35264854e+02 -7.04941805e+01]
[ 3.47000000e+02  3.41500000e+02 -6.29714632e-04  3.46416588e+02
  3.35844698e+02 -7.04026781e+01]
[ 3.48500000e+02  3.42000000e+02 -3.23156492e-04  3.48158226e+02
  3.36166792e+02 -6.99854717e+01]
[ 3.50000000e+02  3.41500000e+02 -9.43534105e-04  3.49456940e+02
  3.35595016e+02 -6.71984497e+01]
[ 3.51500000e+02  3.42000000e+02 -1.01282807e-04  3.51269379e+02
  3.36269417e+02 -6.68008681e+01]
[ 3.52500000e+02  3.43000000e+02 -2.58448730e-04  3.52060547e+02
  3.37138166e+02 -6.55417107e+01]
[ 3.53500000e+02  3.43000000e+02 -1.01056008e-03  3.53505440e+02
  3.37305422e+02 -6.45907894e+01]
[ 3.55000000e+02  3.43500000e+02 -9.10250674e-04  3.54722023e+02
  3.37306795e+02 -6.48346301e+01]
[ 3.55500000e+02  3.44000000e+02 -3.56651931e-04  3.55531502e+02
  3.38137264e+02 -6.41395636e+01]
[ 3.56500000e+02  3.44000000e+02 -7.93590909e-04  3.56444588e+02
  3.38912773e+02 -6.31216764e+01]
[ 3.56500000e+02  3.45000000e+02 -6.91375550e-04  3.56248055e+02
  3.39784498e+02 -6.31296057e+01]
[ 3.56500000e+02  3.46000000e+02  1.32599176e-04  3.56747093e+02
  3.40622921e+02 -6.18412402e+01]
[ 3.57000000e+02  3.46000000e+02  4.43424520e-04  3.56331596e+02
  3.40893974e+02 -6.21835515e+01]
[ 3.57500000e+02  3.47000000e+02 -1.46745675e-04  3.57131310e+02
  3.41109867e+02 -5.97302802e+01]
[ 3.56500000e+02  3.46500000e+02 -1.86102232e-04  3.56573029e+02
  3.41209316e+02 -6.14337008e+01]
[ 3.56500000e+02  3.47000000e+02 -7.04017793e-04  3.56446800e+02
  3.41586456e+02 -5.98750077e+01]
[ 3.56000000e+02  3.47000000e+02  5.51251709e-04  3.55793381e+02
  3.42073259e+02 -6.02222923e+01]
[ 3.55500000e+02  3.47000000e+02  5.27796799e-04  3.55351562e+02
  3.42474718e+02 -6.00437466e+01]
[ 3.54500000e+02  3.47000000e+02 -5.99376341e-04  3.54683151e+02
  3.42226639e+02 -5.72078414e+01]
[ 3.53500000e+02  3.47500000e+02  6.78870420e-05  3.53742104e+02
  3.42333870e+02 -5.85040022e+01]
[ 3.53000000e+02  3.47500000e+02 -2.38883982e-04  3.53088646e+02
  3.42943954e+02 -5.81288561e+01]
[ 3.52500000e+02  3.47500000e+02 -2.74633094e-04  3.52782631e+02
  3.42722340e+02 -5.66384420e+01]
[ 3.51500000e+02  3.48000000e+02 -3.25875444e-05  3.51996956e+02
  3.43115387e+02 -5.69630396e+01]
[ 3.50000000e+02  3.48000000e+02  3.02448112e-04  3.50148201e+02
  3.43484974e+02 -5.70875220e+01]
[ 3.49000000e+02  3.48500000e+02  3.64453583e-04  3.49236221e+02
  3.43387213e+02 -5.68223801e+01]
[ 3.46500000e+02  3.48500000e+02 -9.66872765e-04  3.46994629e+02
  3.43366957e+02 -5.59955947e+01]
[ 3.46000000e+02  3.48500000e+02 -7.62710551e-04  3.45669861e+02
  3.43586540e+02 -5.59957456e+01]
[ 3.44000000e+02  3.48500000e+02 -9.43328690e-04  3.43692741e+02
  3.43853102e+02 -5.52781206e+01]
[ 3.42000000e+02  3.49000000e+02 -1.26429071e-03  3.41919937e+02
  3.44237595e+02 -5.40110841e+01]
[ 3.40500000e+02  3.48500000e+02 -1.74490712e-03  3.39499702e+02
  3.43627396e+02 -5.47707696e+01]
[ 3.38500000e+02  3.49000000e+02 -1.73912168e-03  3.37525291e+02
  3.44022875e+02 -5.46999145e+01]
[ 3.36500000e+02  3.48000000e+02 -1.46995188e-03  3.35487061e+02
  3.43344526e+02 -5.32400161e+01]
[ 3.35000000e+02  3.48000000e+02 -1.55967876e-03  3.33004684e+02
  3.43037710e+02 -5.40710147e+01]
[ 3.30000000e+02  3.46500000e+02 -3.81087445e-03  3.27831955e+02
  3.41625938e+02 -5.27665783e+01]
[ 3.26000000e+02  3.46500000e+02 -5.22703922e-03  3.22940788e+02
  3.41628857e+02 -5.20684998e+01]
[ 3.22000000e+02  3.46000000e+02 -6.97315787e-03  3.18495636e+02
  3.40985069e+02 -5.10887057e+01]
[ 3.17500000e+02  3.47000000e+02 -8.20446503e-03  3.13531742e+02
  3.42359819e+02 -4.47288584e+01]
[ 3.14500000e+02  3.46500000e+02 -1.00199650e-02  3.08319740e+02
  3.41514645e+02 -4.13502641e+01]
[ 3.13000000e+02  3.47000000e+02 -1.07499049e-02  3.07525444e+02
  3.41247025e+02 -3.98910223e+01]
[ 3.13000000e+02  3.46000000e+02 -9.99511825e-03  3.08202915e+02
  3.40202751e+02 -4.09727348e+01]
[ 3.41500000e+02  3.51500000e+02  2.01061694e-03  3.41985626e+02
  3.46490164e+02 -6.01598248e+01]
[ 3.43000000e+02  3.45500000e+02 -2.35760369e-03  3.44427834e+02
  3.40754042e+02 -5.88482805e+01]
[ 3.46000000e+02  3.45500000e+02 -1.95920765e-03  3.47447472e+02
  3.40164471e+02 -5.58847580e+01]
[ 3.48500000e+02  3.44500000e+02 -2.62856996e-03  3.49977570e+02
  3.39356403e+02 -5.40910978e+01]
[ 3.51500000e+02  3.44000000e+02 -3.46111192e-03  3.53073387e+02
  3.38743258e+02 -5.24317157e+01]
[ 3.54500000e+02  3.44500000e+02 -4.69108275e-03  3.56835289e+02
  3.39004383e+02 -5.12539688e+01]
[ 3.58500000e+02  3.44000000e+02 -6.37614133e-03  3.61552734e+02
  3.38457642e+02 -5.22609428e+01]
[ 3.61500000e+02  3.44000000e+02 -7.60945491e-03  3.65284004e+02
  3.38383884e+02 -4.81882598e+01]
[ 3.66000000e+02  3.45000000e+02 -9.15340497e-03  3.69462357e+02
  3.39223766e+02 -4.55998415e+01]
[ 3.68500000e+02  3.45500000e+02 -9.63649247e-03  3.72983589e+02
  3.40084248e+02 -4.08073124e+01]
[ 3.71500000e+02  3.46000000e+02 -1.08452872e-02  3.77744179e+02
  3.40880671e+02 -3.44775841e+01]
[ 3.73000000e+02  3.46000000e+02 -1.06169563e-02  3.80222855e+02
  3.40574541e+02 -3.26654557e+01]
[ 3.75500000e+02  3.45500000e+02 -1.05520077e-02  3.82965164e+02
  3.39419003e+02 -3.09568103e+01]
[ 3.77000000e+02  3.46000000e+02 -9.90608614e-03  3.84778709e+02
  3.39664764e+02 -3.04519963e+01]
[ 3.78000000e+02  3.46500000e+02 -9.05593135e-03  3.86013565e+02
  3.39639559e+02 -3.11443582e+01]
[ 3.79500000e+02  3.47000000e+02 -9.17108078e-03  3.87047806e+02
  3.41147203e+02 -3.03351693e+01]
[ 3.80000000e+02  3.47000000e+02 -9.94608691e-03  3.87991791e+02
  3.40419846e+02 -3.15663116e+01]
[ 3.80500000e+02  3.47500000e+02 -9.29134665e-03  3.88378754e+02
  3.40403795e+02 -3.09496131e+01]
[ 3.81000000e+02  3.47000000e+02 -9.04898485e-03  3.88871613e+02
  3.40706749e+02 -2.98387930e+01]
[ 3.81000000e+02  3.47500000e+02 -9.75368079e-03  3.88336525e+02
  3.41004324e+02 -3.05583291e+01]
[ 3.81500000e+02  3.47000000e+02 -9.98359499e-03  3.88474426e+02
  3.40843906e+02 -3.18644587e+01]
[ 3.82000000e+02  3.47000000e+02 -8.84239445e-03  3.88940926e+02
  3.40356131e+02 -3.19439946e+01]
[ 3.82000000e+02  3.47000000e+02 -8.76078848e-03  3.89960289e+02
  3.40381536e+02 -2.83989133e+01]
[ 3.82000000e+02  3.47500000e+02 -9.07801185e-03  3.89068985e+02
  3.40687494e+02 -3.03984750e+01]
[ 3.82000000e+02  3.47500000e+02 -8.95153242e-03  3.89103813e+02
  3.40203724e+02 -3.03614074e+01]
[ 3.82000000e+02  3.47500000e+02 -9.14204470e-03  3.89296112e+02
  3.40990562e+02 -3.14649604e+01]
[ 3.82000000e+02  3.47000000e+02 -8.24657967e-03  3.89978600e+02
  3.40635738e+02 -2.88856337e+01]
[ 3.81500000e+02  3.47500000e+02 -9.15927300e-03  3.89518509e+02
  3.41632347e+02 -2.94358442e+01]
[ 3.81500000e+02  3.47000000e+02 -8.38115322e-03  3.88691635e+02
  3.40407686e+02 -2.95678759e+01]
[ 3.80500000e+02  3.46000000e+02 -8.83559999e-03  3.86405220e+02
  3.40206728e+02 -3.18400785e+01]
[ 3.77000000e+02  3.46000000e+02 -9.88408457e-03  3.83945007e+02
  3.40629587e+02 -3.34041417e+01]
[ 3.75500000e+02  3.46000000e+02 -1.02707725e-02  3.80905571e+02
  3.40911541e+02 -3.77483619e+01]
[ 3.73000000e+02  3.46000000e+02 -9.78309754e-03  3.77634354e+02
  3.40995398e+02 -3.87743907e+01]
[ 3.72000000e+02  3.46500000e+02 -9.10926191e-03  3.76788330e+02
  3.41044722e+02 -3.92887769e+01]
[ 3.71000000e+02  3.46500000e+02 -8.62579048e-03  3.75157890e+02
  3.41184025e+02 -4.04030671e+01]
[ 3.69500000e+02  3.46500000e+02 -8.37251451e-03  3.73100014e+02
  3.41462917e+02 -4.19043805e+01]
[ 3.67500000e+02  3.46500000e+02 -7.64873810e-03  3.70650597e+02
  3.41640759e+02 -4.51041302e+01]
[ 3.65500000e+02  3.46000000e+02 -6.60449243e-03  3.68735352e+02
  3.40683031e+02 -4.68085371e+01]
[ 3.62500000e+02  3.46000000e+02 -5.64601552e-03  3.65545769e+02
  3.40489454e+02 -5.06014097e+01]
[ 3.60000000e+02  3.46000000e+02 -4.49677126e-03  3.62807541e+02
  3.40307093e+02 -5.16290925e+01]
[ 3.58000000e+02  3.45000000e+02 -4.57472564e-03  3.60728569e+02
  3.39801750e+02 -5.14907856e+01]
[ 3.57000000e+02  3.45000000e+02 -4.19147656e-03  3.59390793e+02
  3.39348507e+02 -5.14760502e+01]
[ 3.55500000e+02  3.45000000e+02 -4.42099062e-03  3.57836723e+02
  3.39088326e+02 -5.12927994e+01]
[ 3.54500000e+02  3.45000000e+02 -3.37624787e-03  3.56349640e+02
  3.39631290e+02 -5.21235913e+01]
[ 3.53500000e+02  3.45000000e+02 -2.98376541e-03  3.55000229e+02
  3.39762354e+02 -5.34608178e+01]
[ 3.52000000e+02  3.45000000e+02 -2.68072571e-03  3.53709183e+02
  3.39311457e+02 -5.42519465e+01]
[ 3.50500000e+02  3.45000000e+02 -2.40655203e-03  3.51998177e+02
  3.39775171e+02 -5.36565799e+01]
[ 3.49500000e+02  3.45500000e+02 -2.33117302e-03  3.50615578e+02
  3.40007343e+02 -5.33504505e+01]
[ 3.48000000e+02  3.44500000e+02 -3.12224682e-03  3.48370209e+02
  3.38990879e+02 -5.53208627e+01]
[ 3.46000000e+02  3.45000000e+02 -2.59515265e-03  3.46773262e+02
  3.39141083e+02 -5.67199197e+01]
[ 3.45000000e+02  3.44500000e+02 -2.47093290e-03  3.45343971e+02
  3.39176245e+02 -5.54356668e+01]
[ 3.43500000e+02  3.45000000e+02 -2.73800280e-03  3.43446503e+02
  3.39950180e+02 -5.61045706e+01]
[ 3.42500000e+02  3.45000000e+02 -2.59565422e-03  3.42429619e+02
  3.39543743e+02 -5.55425193e+01]
[ 3.40500000e+02  3.45000000e+02 -2.44231638e-03  3.40455856e+02
  3.39706736e+02 -5.68854902e+01]
[ 3.40000000e+02  3.45000000e+02 -2.20971706e-03  3.39966965e+02
  3.39943056e+02 -5.59026841e+01]
[ 3.39500000e+02  3.44500000e+02 -2.66851165e-03  3.39403343e+02
  3.39943943e+02 -5.59659898e+01]
[ 3.39500000e+02  3.45000000e+02 -2.42240092e-03  3.39483566e+02
  3.39926147e+02 -5.61930444e+01]
[ 3.40000000e+02  3.45000000e+02 -2.72696768e-03  3.39589081e+02
  3.39756746e+02 -5.53128887e+01]
[ 3.40000000e+02  3.45000000e+02 -2.47127900e-03  3.39870987e+02
  3.39727621e+02 -5.47198020e+01]
[ 3.40000000e+02  3.45000000e+02 -2.65032449e-03  3.39774590e+02
  3.39623079e+02 -5.57295308e+01]
[ 3.40000000e+02  3.44500000e+02 -2.54610728e-03  3.39712372e+02
  3.39262190e+02 -5.63261323e+01]
[ 3.40500000e+02  3.44500000e+02 -2.36773241e-03  3.40108833e+02
  3.39127321e+02 -5.59577812e+01]
[ 3.40500000e+02  3.44000000e+02 -3.36397358e-03  3.40343933e+02
  3.38236198e+02 -5.43752387e+01]
[ 3.39500000e+02  3.42500000e+02 -3.57999839e-03  3.39967957e+02
  3.36669388e+02 -5.47837839e+01]
[ 3.40500000e+02  3.41000000e+02 -3.63476120e-03  3.40304527e+02
  3.35447416e+02 -5.49727678e+01]
[ 3.40500000e+02  3.39500000e+02 -4.53127548e-03  3.40271950e+02
  3.33826332e+02 -5.43063506e+01]
[ 3.40500000e+02  3.38000000e+02 -5.74103766e-03  3.40191383e+02
  3.31887474e+02 -5.45705818e+01]
[ 3.41000000e+02  3.37000000e+02 -6.27701567e-03  3.40536003e+02
  3.30278206e+02 -5.39435595e+01]
[ 3.41000000e+02  3.35000000e+02 -6.39690063e-03  3.40545959e+02
  3.28892384e+02 -5.51604275e+01]
[ 3.41000000e+02  3.33500000e+02 -7.07532628e-03  3.40659866e+02
  3.26917677e+02 -5.40689304e+01]
[ 3.41000000e+02  3.32000000e+02 -7.66898948e-03  3.40545120e+02
  3.25290413e+02 -5.29251974e+01]
[ 3.41000000e+02  3.30000000e+02 -8.60526087e-03  3.40770493e+02
  3.23294506e+02 -5.26993386e+01]
[ 3.41000000e+02  3.28500000e+02 -1.01898513e-02  3.40991478e+02
  3.21399593e+02 -5.13059869e+01]
[ 3.41500000e+02  3.27000000e+02 -1.12007158e-02  3.41014214e+02
  3.19394102e+02 -5.09809200e+01]
[ 3.41000000e+02  3.25500000e+02 -1.13231572e-02  3.40997353e+02
  3.18681564e+02 -5.04382979e+01]
[ 3.41000000e+02  3.25000000e+02 -1.25807277e-02  3.41121483e+02
  3.17100592e+02 -4.89580873e+01]
[ 3.41500000e+02  3.23500000e+02 -1.28675485e-02  3.41579514e+02
  3.15706387e+02 -4.87720259e+01]
[ 3.40500000e+02  3.22500000e+02 -1.30512603e-02  3.40928841e+02
  3.15235491e+02 -4.95404620e+01]
[ 3.41500000e+02  3.21500000e+02 -1.39235505e-02  3.41709671e+02
  3.13878937e+02 -4.84341569e+01]
[ 3.42500000e+02  3.20500000e+02 -1.44868600e-02  3.42124863e+02
  3.12107563e+02 -4.69836406e+01]
[ 3.41500000e+02  3.20000000e+02 -1.45240529e-02  3.41483307e+02
  3.11183224e+02 -4.81322072e+01]
[ 3.42000000e+02  3.19500000e+02 -1.56089026e-02  3.41704712e+02
  3.10870571e+02 -5.00385761e+01]
[ 3.41500000e+02  3.19500000e+02 -1.45524009e-02  3.41817055e+02
  3.10999718e+02 -4.99724038e+01]
[ 3.42000000e+02  3.18500000e+02 -1.46323782e-02  3.41826591e+02
  3.10450459e+02 -4.86440118e+01]
[ 3.42000000e+02  3.18500000e+02 -1.49478242e-02  3.42026329e+02
  3.10163870e+02 -4.92748842e+01]
[ 3.42500000e+02  3.18500000e+02 -1.51900770e-02  3.42473526e+02
  3.09844637e+02 -4.95247096e+01]
[ 3.42500000e+02  3.18500000e+02 -1.55726108e-02  3.42357864e+02
  3.08819275e+02 -4.87891864e+01]
[ 3.43500000e+02  3.18500000e+02 -1.54847628e-02  3.43037682e+02
  3.09735088e+02 -5.08869085e+01]
[ 3.43500000e+02  3.18500000e+02 -1.54056475e-02  3.43264923e+02
  3.10300369e+02 -5.06350938e+01]
[ 3.43000000e+02  3.18000000e+02 -1.46671305e-02  3.43030434e+02
  3.10601835e+02 -5.00692651e+01]
[ 3.43000000e+02  3.18500000e+02 -1.48776113e-02  3.43232574e+02
  3.10710926e+02 -5.04254680e+01]
[ 3.43000000e+02  3.18500000e+02 -1.43026635e-02  3.43498268e+02
  3.11632605e+02 -4.93832845e+01]
[ 3.43000000e+02  3.18500000e+02 -1.50096375e-02  3.43589363e+02
  3.10325403e+02 -4.91486527e+01]
[ 3.43500000e+02  3.19000000e+02 -1.45428567e-02  3.43445702e+02
  3.10501757e+02 -4.94945347e+01]
[ 3.43000000e+02  3.18500000e+02 -1.45079982e-02  3.43439331e+02
  3.11666880e+02 -5.04250824e+01]
[ 3.44000000e+02  3.19500000e+02 -1.46876937e-02  3.44091072e+02
  3.11053848e+02 -4.86288182e+01]
[ 3.43000000e+02  3.20000000e+02 -1.33442818e-02  3.43586159e+02
  3.12750778e+02 -4.89361938e+01]
[ 3.44500000e+02  3.21500000e+02 -1.37911658e-02  3.44253693e+02
  3.13533869e+02 -4.91276029e+01]
[ 3.44500000e+02  3.23000000e+02 -1.24768913e-02  3.44062576e+02
  3.15665388e+02 -4.92101535e+01]
[ 3.44000000e+02  3.25500000e+02 -1.07389209e-02  3.44237137e+02
  3.18590126e+02 -5.19605912e+01]
[ 3.44000000e+02  3.27500000e+02 -9.97554604e-03  3.44373436e+02
  3.20410480e+02 -5.11053354e+01]
[ 3.44500000e+02  3.29500000e+02 -9.41738626e-03  3.44410667e+02
  3.22947063e+02 -5.25358915e+01]
[ 3.45000000e+02  3.32000000e+02 -7.55265891e-03  3.44774399e+02
  3.25496807e+02 -5.42739294e+01]
[ 3.45000000e+02  3.34500000e+02 -6.64557889e-03  3.44748611e+02
  3.27824192e+02 -5.34550790e+01]
[ 3.45000000e+02  3.36000000e+02 -6.89571560e-03  3.44894409e+02
  3.29575453e+02 -5.36880512e+01]
[ 3.45500000e+02  3.39000000e+02 -4.87445993e-03  3.45032883e+02
  3.33020439e+02 -5.35018276e+01]
[ 3.45500000e+02  3.40500000e+02 -3.89228598e-03  3.45420418e+02
  3.34660149e+02 -5.42751197e+01]
[ 3.45500000e+02  3.43000000e+02 -2.31332495e-03  3.45877190e+02
  3.37377949e+02 -5.41455578e+01]
[ 3.45500000e+02  3.44500000e+02 -1.41654210e-03  3.45255089e+02
  3.38980036e+02 -5.45609426e+01]
[ 3.45500000e+02  3.47000000e+02 -6.34078926e-04  3.45762215e+02
  3.41844063e+02 -5.43318093e+01]
[ 3.45500000e+02  3.49000000e+02  3.37331105e-04  3.45683441e+02
  3.44214020e+02 -5.35156578e+01]
[ 3.45500000e+02  3.51000000e+02  1.32921719e-03  3.45197105e+02
  3.46577196e+02 -5.34503516e+01]
[ 3.46500000e+02  3.53000000e+02  2.10074976e-03  3.46273880e+02
  3.48604946e+02 -5.40935006e+01]
[ 3.45500000e+02  3.55500000e+02  3.04641400e-03  3.45883179e+02
  3.51501160e+02 -5.29940184e+01]
[ 3.45500000e+02  3.57500000e+02  3.17599613e-03  3.45900154e+02
  3.53831434e+02 -5.24594206e+01]
[ 3.46500000e+02  3.60000000e+02  3.27852170e-03  3.46635017e+02
  3.56326504e+02 -5.28193116e+01]
[ 3.47500000e+02  3.61500000e+02  3.55806440e-03  3.47931671e+02
  3.58996038e+02 -5.22168707e+01]
[ 3.47500000e+02  3.63000000e+02  3.42946447e-03  3.47624626e+02
  3.60934639e+02 -5.25214020e+01]
[ 3.47000000e+02  3.65000000e+02  3.73401731e-03  3.47913780e+02
  3.62995291e+02 -5.26268911e+01]
[ 3.48000000e+02  3.67000000e+02  3.89329121e-03  3.48599930e+02
  3.65303736e+02 -5.14342804e+01]
[ 3.47000000e+02  3.68500000e+02  4.05910431e-03  3.47373695e+02
  3.67308483e+02 -5.11643160e+01]
[ 3.47000000e+02  3.70000000e+02  3.82528809e-03  3.47357178e+02
  3.69454336e+02 -4.96250801e+01]
[ 3.46000000e+02  3.72500000e+02  3.98221228e-03  3.46837311e+02
  3.72377357e+02 -4.99557797e+01]
[ 3.47000000e+02  3.74500000e+02  3.81718820e-03  3.47949448e+02
  3.74211388e+02 -4.61270604e+01]
[ 3.46500000e+02  3.76000000e+02  3.63821152e-03  3.47106552e+02
  3.75861425e+02 -4.64893794e+01]
[ 3.46500000e+02  3.77500000e+02  3.61937145e-03  3.47259979e+02
  3.77478247e+02 -4.40545091e+01]
[ 3.46000000e+02  3.79000000e+02  3.66849895e-03  3.47137527e+02
  3.78625259e+02 -4.27863998e+01]
[ 3.46500000e+02  3.81000000e+02  3.81630799e-03  3.48267899e+02
  3.80059605e+02 -4.24819859e+01]
[ 3.47000000e+02  3.83000000e+02  3.23180063e-03  3.48487167e+02
  3.82322474e+02 -3.85939842e+01]
[ 3.46000000e+02  3.83500000e+02  3.17530404e-03  3.47356110e+02
  3.83858213e+02 -3.76631934e+01]
[ 3.47000000e+02  3.83500000e+02  3.13436147e-03  3.48754997e+02
  3.83393297e+02 -3.54812639e+01]
[ 3.47000000e+02  3.84500000e+02  3.03257932e-03  3.48393707e+02
  3.83814812e+02 -3.73903289e+01]
[ 3.47000000e+02  3.83500000e+02  3.36603785e-03  3.48799629e+02
  3.83644381e+02 -3.94611061e+01]
[ 3.49500000e+02  3.85000000e+02  3.43444804e-03  3.50492287e+02
  3.84661589e+02 -3.71367652e+01]
[ 3.48500000e+02  3.85000000e+02  3.36481095e-03  3.49812622e+02
  3.84328794e+02 -3.78431082e+01]
[ 3.48000000e+02  3.84500000e+02  3.32560414e-03  3.49254303e+02
  3.84130754e+02 -3.88472043e+01]
[ 3.48000000e+02  3.84000000e+02  3.45725380e-03  3.49319000e+02
  3.83581266e+02 -4.07712562e+01]
[ 3.48000000e+02  3.83000000e+02  3.60344246e-03  3.49682121e+02
  3.82440319e+02 -4.13386831e+01]
[ 3.47500000e+02  3.83500000e+02  3.57797311e-03  3.49177895e+02
  3.82571440e+02 -4.20346186e+01]
[ 3.48000000e+02  3.81500000e+02  3.50917131e-03  3.49960670e+02
  3.81107798e+02 -4.01374167e+01]
[ 3.47000000e+02  3.80500000e+02  3.30586499e-03  3.48230286e+02
  3.79632683e+02 -4.18333998e+01]
[ 3.46000000e+02  3.78000000e+02  3.61848902e-03  3.47516098e+02
  3.76744194e+02 -4.66834791e+01]
[ 3.47500000e+02  3.76500000e+02  3.75961699e-03  3.48721695e+02
  3.75908947e+02 -4.63128146e+01]
[ 3.49500000e+02  3.75500000e+02  3.84917436e-03  3.50560341e+02
  3.73666105e+02 -4.81903944e+01]
[ 3.49500000e+02  3.73500000e+02  3.84594797e-03  3.50605202e+02
  3.72795954e+02 -4.91688363e+01]
[ 3.49500000e+02  3.72500000e+02  3.77797760e-03  3.50370903e+02
  3.71030245e+02 -5.08051012e+01]
[ 3.49500000e+02  3.71000000e+02  3.82955241e-03  3.50144272e+02
  3.69564342e+02 -5.12782652e+01]
[ 3.49500000e+02  3.69500000e+02  3.87129543e-03  3.50323486e+02
  3.67818718e+02 -5.23379724e+01]
[ 3.49500000e+02  3.68500000e+02  3.64618754e-03  3.50168495e+02
  3.66138554e+02 -5.25379255e+01]
[ 3.49000000e+02  3.67500000e+02  3.66329431e-03  3.49751320e+02
  3.65190697e+02 -5.17039821e+01]
[ 3.49500000e+02  3.66000000e+02  3.57717718e-03  3.50462799e+02
  3.63344193e+02 -5.25646247e+01]
[ 3.49500000e+02  3.65000000e+02  3.56131583e-03  3.50135956e+02
  3.62541704e+02 -5.07770889e+01]
[ 3.50000000e+02  3.64500000e+02  3.63050087e-03  3.50692291e+02
  3.61613016e+02 -5.23222759e+01]
[ 3.49500000e+02  3.63500000e+02  3.72142449e-03  3.50271721e+02
  3.60463972e+02 -5.31269722e+01]
[ 3.50000000e+02  3.63000000e+02  3.43296293e-03  3.50128365e+02
  3.60413074e+02 -5.16154636e+01]
[ 3.50000000e+02  3.62500000e+02  3.47253249e-03  3.50244484e+02
  3.59237623e+02 -5.33978418e+01]
[ 3.49000000e+02  3.61000000e+02  3.42687231e-03  3.49879913e+02
  3.57809114e+02 -5.32682352e+01]
[ 3.50000000e+02  3.60000000e+02  3.62054072e-03  3.50352020e+02
  3.56979303e+02 -5.31682111e+01]
[ 3.49000000e+02  3.60000000e+02  3.46176978e-03  3.49932556e+02
  3.56305017e+02 -5.24733402e+01]
[ 3.50000000e+02  3.58000000e+02  3.33585602e-03  3.50108833e+02
  3.54141455e+02 -5.30212652e+01]
[ 3.49000000e+02  3.57000000e+02  2.79789395e-03  3.49689026e+02
  3.53454580e+02 -5.19790258e+01]
[ 3.50000000e+02  3.56000000e+02  2.79575086e-03  3.50005875e+02
  3.52359066e+02 -5.27727138e+01]
[ 3.50000000e+02  3.55000000e+02  1.92804763e-03  3.50367355e+02
  3.50161428e+02 -5.29822782e+01]
[ 3.49000000e+02  3.53500000e+02  2.06287106e-03  3.49543915e+02
  3.49580526e+02 -5.43881468e+01]
[ 3.49000000e+02  3.52500000e+02  6.87779859e-04  3.49139252e+02
  3.47648048e+02 -5.53088263e+01]
[ 3.50000000e+02  3.51500000e+02  3.88204598e-04  3.50219803e+02
  3.46775236e+02 -5.33262435e+01]
[ 3.49000000e+02  3.51000000e+02  1.17649345e-03  3.49472504e+02
  3.46496315e+02 -5.31385168e+01]
[ 3.49000000e+02  3.50500000e+02 -1.82795033e-04  3.49701042e+02
  3.45128117e+02 -5.40504735e+01]
[ 3.49500000e+02  3.49000000e+02  3.02693690e-04  3.50102921e+02
  3.44068222e+02 -5.36969639e+01]
[ 3.49500000e+02  3.48500000e+02  2.92551704e-07  3.49991951e+02
  3.43245192e+02 -5.52989636e+01]
[ 3.50000000e+02  3.48000000e+02 -5.81281653e-04  3.50060081e+02
  3.42605352e+02 -5.50036076e+01]
[ 3.50000000e+02  3.47500000e+02 -4.96449946e-04  3.50592041e+02
  3.42001219e+02 -5.52920289e+01]
[ 3.50000000e+02  3.46000000e+02 -7.11304834e-04  3.50163994e+02
  3.40978203e+02 -5.60160298e+01]
[ 3.51000000e+02  3.45500000e+02 -1.72199216e-03  3.50912132e+02
  3.40289412e+02 -5.40361013e+01]
[ 3.51500000e+02  3.44500000e+02 -8.45423841e-04  3.51354294e+02
  3.39678240e+02 -5.52029740e+01]
[ 3.53000000e+02  3.44000000e+02 -9.62112423e-04  3.51699371e+02
  3.39255009e+02 -5.50441425e+01]
[ 3.54000000e+02  3.43000000e+02 -1.64183191e-03  3.51218529e+02
  3.38578463e+02 -5.54346722e+01]
[ 3.55000000e+02  3.42500000e+02 -1.47090357e-03  3.51873589e+02
  3.38280029e+02 -5.41602038e+01]
[ 3.55000000e+02  3.42000000e+02 -8.52079349e-04  3.51085892e+02
  3.38340139e+02 -5.48131764e+01]
[ 3.54000000e+02  3.41000000e+02 -7.68137441e-04  3.50875854e+02
  3.37881460e+02 -5.35962470e+01]
[ 3.53000000e+02  3.41000000e+02 -7.15121918e-04  3.50273132e+02
  3.38172197e+02 -5.63449748e+01]
[ 3.51500000e+02  3.40500000e+02 -1.79380405e-03  3.49317551e+02
  3.37954559e+02 -5.61820529e+01]
[ 3.50500000e+02  3.41000000e+02 -1.66480405e-03  3.48776855e+02
  3.38299541e+02 -5.63221704e+01]
[ 3.50000000e+02  3.40500000e+02 -4.28755477e-04  3.48336258e+02
  3.38742342e+02 -5.71081694e+01]
[ 3.49500000e+02  3.41000000e+02 -2.07750709e-05  3.47795715e+02
  3.39336920e+02 -5.77780232e+01]
[ 3.48500000e+02  3.40500000e+02 -9.10027826e-04  3.47597198e+02
  3.38812866e+02 -5.80595210e+01]
[ 3.48000000e+02  3.41500000e+02 -7.84504809e-04  3.46938438e+02
  3.39496737e+02 -5.90688977e+01]
[ 3.48000000e+02  3.42000000e+02 -2.05959659e-05  3.47139740e+02
  3.39963169e+02 -5.79635315e+01]
[ 3.47500000e+02  3.42500000e+02 -3.61880870e-04  3.46714745e+02
  3.40051060e+02 -5.79219349e+01]
[ 3.47000000e+02  3.42500000e+02 -7.23457430e-04  3.46565552e+02
  3.40704746e+02 -5.78663461e+01]
[ 3.47000000e+02  3.43000000e+02 -5.16484608e-04  3.46810036e+02
  3.40548191e+02 -5.95349818e+01]
[ 3.47000000e+02  3.43000000e+02 -7.69639970e-04  3.46825066e+02
  3.40741396e+02 -5.90895619e+01]
[ 3.47500000e+02  3.43000000e+02 -5.62442990e-04  3.47324944e+02
  3.41239958e+02 -5.79290371e+01]
[ 3.47500000e+02  3.43000000e+02  1.92962296e-04  3.47907295e+02
  3.41335545e+02 -5.77364992e+01]
[ 3.48500000e+02  3.42500000e+02  6.07229595e-04  3.48109169e+02
  3.41531239e+02 -5.72535396e+01]
[ 3.48000000e+02  3.42500000e+02 -3.39535938e-04  3.47824707e+02
  3.40977745e+02 -5.80108948e+01]
[ 3.48500000e+02  3.42500000e+02 -8.95361823e-04  3.48280754e+02
  3.40631847e+02 -5.67724127e+01]
[ 3.49000000e+02  3.42500000e+02 -3.90320376e-04  3.48780441e+02
  3.40691214e+02 -5.69211859e+01]
[ 3.49000000e+02  3.42500000e+02  6.88879634e-04  3.48981781e+02
  3.40848999e+02 -5.70171587e+01]
[ 3.50000000e+02  3.42000000e+02 -4.66755591e-05  3.49092712e+02
  3.40369635e+02 -5.76634593e+01]
[ 3.50000000e+02  3.42000000e+02 -1.51775120e-03  3.48135376e+02
  3.39457712e+02 -5.70968259e+01]
[ 3.50500000e+02  3.41500000e+02 -2.31324468e-03  3.48325424e+02
  3.38310699e+02 -5.67714963e+01]
[ 3.51000000e+02  3.41500000e+02 -8.10290570e-04  3.48722649e+02
  3.38428545e+02 -5.58592603e+01]
[ 3.51500000e+02  3.41000000e+02 -2.66511040e-03  3.48913345e+02
  3.37667742e+02 -5.43185603e+01]
[ 3.52000000e+02  3.40500000e+02 -2.55770073e-03  3.48938522e+02
  3.36829119e+02 -5.47715575e+01]
[ 3.53000000e+02  3.40500000e+02 -1.83271818e-03  3.49297600e+02
  3.36685410e+02 -5.51914740e+01]
[ 3.52500000e+02  3.40500000e+02 -1.96360797e-03  3.49150772e+02
  3.36132832e+02 -5.50038815e+01]
[ 3.52500000e+02  3.40500000e+02 -3.18905467e-03  3.49761200e+02
  3.35492620e+02 -5.43836318e+01]
[ 3.52500000e+02  3.40500000e+02 -2.78768723e-03  3.50346413e+02
  3.35524206e+02 -5.52546624e+01]
[ 3.52000000e+02  3.40000000e+02 -2.83787091e-03  3.50388680e+02
  3.35373058e+02 -5.43745905e+01]
[ 3.51500000e+02  3.40500000e+02 -2.49790284e-03  3.50437469e+02
  3.35206432e+02 -5.47612980e+01]
[ 3.52000000e+02  3.40000000e+02 -3.93490761e-03  3.51002159e+02
  3.34882536e+02 -5.38103320e+01]
[ 3.50500000e+02  3.40000000e+02 -3.35870136e-03  3.50439224e+02
  3.34895697e+02 -5.39176315e+01]
[ 3.50000000e+02  3.40000000e+02 -3.64332390e-03  3.50729485e+02
  3.34614973e+02 -5.39763328e+01]
[ 3.50500000e+02  3.40000000e+02 -3.26929020e-03  3.51284904e+02
  3.34445858e+02 -5.58856912e+01]
[ 3.50000000e+02  3.40000000e+02 -3.07812018e-03  3.51390038e+02
  3.34544792e+02 -5.47259431e+01]
[ 3.49500000e+02  3.40000000e+02 -3.10859224e-03  3.51693802e+02
  3.34758568e+02 -5.51992748e+01]
[ 3.50000000e+02  3.39500000e+02 -3.30773776e-03  3.52168350e+02
  3.34071779e+02 -5.71607184e+01]
[ 3.49500000e+02  3.39500000e+02 -3.46792687e-03  3.52110023e+02
  3.34397078e+02 -5.71781080e+01]
[ 3.48500000e+02  3.39500000e+02 -3.42699268e-03  3.51908646e+02
  3.34236002e+02 -5.64203728e+01]
[ 3.48500000e+02  3.39000000e+02 -3.06462566e-03  3.52278519e+02
  3.34762373e+02 -5.75943645e+01]
[ 3.48500000e+02  3.39000000e+02 -3.05303151e-03  3.52552109e+02
  3.34599781e+02 -5.85327912e+01]
[ 3.48500000e+02  3.39000000e+02 -3.78482800e-03  3.53287354e+02
  3.34521961e+02 -5.81242461e+01]
[ 3.47500000e+02  3.39500000e+02 -3.20027542e-03  3.52873268e+02
  3.35299988e+02 -5.82353957e+01]
[ 3.48500000e+02  3.39500000e+02 -3.87096324e-03  3.53644485e+02
  3.35707512e+02 -5.91727272e+01]
[ 3.49000000e+02  3.40000000e+02 -3.10598349e-03  3.53734131e+02
  3.36432467e+02 -5.95284104e+01]
[ 3.49500000e+02  3.40500000e+02 -3.54256865e-03  3.54249992e+02
  3.37457314e+02 -6.00887239e+01]
[ 3.50000000e+02  3.40500000e+02 -3.26213567e-03  3.54121437e+02
  3.37504749e+02 -5.84464129e+01]
[ 3.50000000e+02  3.41500000e+02 -3.30411200e-03  3.54746475e+02
  3.38044882e+02 -5.98167032e+01]
[ 3.50500000e+02  3.41500000e+02 -3.61366314e-03  3.54800606e+02
  3.38568735e+02 -5.96000757e+01]
[ 3.51000000e+02  3.42000000e+02 -2.89436593e-03  3.54980545e+02
  3.39202938e+02 -5.94060235e+01]
[ 3.52000000e+02  3.42000000e+02 -3.27178201e-03  3.55155334e+02
  3.39467096e+02 -5.90114035e+01]
[ 3.52000000e+02  3.42000000e+02 -3.21059162e-03  3.55704651e+02
  3.39988089e+02 -5.92284389e+01]
[ 3.52000000e+02  3.42500000e+02 -2.03897641e-03  3.55181503e+02
  3.40401478e+02 -5.99424932e+01]
[ 3.52000000e+02  3.42500000e+02 -2.44471763e-03  3.55353928e+02
  3.40351295e+02 -5.93054462e+01]
[ 3.51500000e+02  3.42500000e+02 -2.17455142e-03  3.54833298e+02
  3.40819960e+02 -5.87881655e+01]
[ 3.52000000e+02  3.42500000e+02 -2.66062893e-03  3.55066299e+02
  3.40522013e+02 -5.93999717e+01]
[ 3.51000000e+02  3.43000000e+02 -3.17224802e-03  3.54824066e+02
  3.40264349e+02 -5.87543920e+01]
[ 3.51000000e+02  3.43000000e+02 -2.47417466e-03  3.54577599e+02
  3.40238714e+02 -5.84869925e+01]
[ 3.50000000e+02  3.43000000e+02 -2.22567841e-03  3.53942604e+02
  3.40570335e+02 -5.79463709e+01]
[ 3.49500000e+02  3.43000000e+02 -2.37919757e-03  3.53477783e+02
  3.40051947e+02 -5.80826160e+01]
[ 3.49000000e+02  3.42000000e+02 -2.74177070e-03  3.52924385e+02
  3.39710197e+02 -5.91024421e+01]
[ 3.48500000e+02  3.43000000e+02 -1.75288128e-03  3.52422943e+02
  3.40199203e+02 -5.74330464e+01]
[ 3.47500000e+02  3.42500000e+02 -2.54935800e-03  3.51754112e+02
  3.39631920e+02 -5.84161766e+01]
[ 3.47000000e+02  3.42000000e+02 -2.00786724e-03  3.50993538e+02
  3.39869156e+02 -5.82406428e+01]
[ 3.47000000e+02  3.42500000e+02 -2.65915220e-03  3.50493431e+02
  3.39514332e+02 -5.82305007e+01]
[ 3.46000000e+02  3.42500000e+02 -2.96910707e-03  3.50010681e+02
  3.39311485e+02 -5.86943831e+01]
[ 3.45000000e+02  3.42500000e+02 -2.46739964e-03  3.49529572e+02
  3.39554930e+02 -5.91635238e+01]
[ 3.44000000e+02  3.42500000e+02 -1.99084089e-03  3.48622475e+02
  3.39015713e+02 -5.87447137e+01]
[ 3.43000000e+02  3.42000000e+02 -1.81567422e-03  3.47682533e+02
  3.38964300e+02 -5.86663093e+01]
[ 3.42500000e+02  3.42000000e+02 -2.51456839e-03  3.47542038e+02
  3.38711729e+02 -5.84490336e+01]
[ 3.41500000e+02  3.42000000e+02 -2.77411693e-03  3.46786118e+02
  3.38351755e+02 -5.90632427e+01]
[ 3.41000000e+02  3.42500000e+02 -2.95973895e-03  3.46425400e+02
  3.38104906e+02 -5.86587600e+01]
[ 3.41000000e+02  3.42000000e+02 -2.51079712e-03  3.46075668e+02
  3.38375759e+02 -5.84814660e+01]
[ 3.40500000e+02  3.41500000e+02 -2.49203772e-03  3.45838623e+02
  3.37965374e+02 -5.90728763e+01]
[ 3.40500000e+02  3.41500000e+02 -3.36553517e-03  3.45495567e+02
  3.37406158e+02 -5.86937573e+01]
[ 3.40000000e+02  3.41500000e+02 -3.41600867e-03  3.45378113e+02
  3.37408361e+02 -5.88447489e+01]
[ 3.39500000e+02  3.40500000e+02 -3.47288419e-03  3.44865456e+02
  3.36997261e+02 -5.86927682e+01]
[ 3.40500000e+02  3.41500000e+02 -3.21794546e-03  3.45360680e+02
  3.37478056e+02 -5.89590110e+01]
[ 3.39500000e+02  3.41500000e+02 -2.94869934e-03  3.44784546e+02
  3.37139511e+02 -5.87468762e+01]
[ 3.40000000e+02  3.41500000e+02 -2.97161989e-03  3.45119591e+02
  3.37082548e+02 -5.94480000e+01]
[ 3.40000000e+02  3.41000000e+02 -3.22851585e-03  3.45008011e+02
  3.37223282e+02 -5.92916552e+01]
[ 3.40000000e+02  3.40500000e+02 -3.38297233e-03  3.45000877e+02
  3.36912403e+02 -5.94883673e+01]
[ 3.39500000e+02  3.40500000e+02 -3.31647228e-03  3.44966850e+02
  3.36937351e+02 -5.96273392e+01]
[ 3.39500000e+02  3.40500000e+02 -2.96114938e-03  3.44928589e+02
  3.36980038e+02 -5.97755760e+01]
[ 3.39500000e+02  3.41000000e+02 -2.78189627e-03  3.44658394e+02
  3.37042952e+02 -5.95768355e+01]
[ 3.40000000e+02  3.40500000e+02 -2.98885495e-03  3.45015144e+02
  3.36901417e+02 -5.99559210e+01]
[ 3.40500000e+02  3.40500000e+02 -3.06674087e-03  3.45014648e+02
  3.36769953e+02 -5.88795114e+01]
[ 3.39500000e+02  3.40500000e+02 -3.34792776e-03  3.44545403e+02
  3.36904306e+02 -5.87463062e+01]
[ 3.40000000e+02  3.41000000e+02 -2.92823062e-03  3.45046082e+02
  3.37359381e+02 -6.01520240e+01]
[ 3.40000000e+02  3.41000000e+02 -2.92664190e-03  3.45154533e+02
  3.37096138e+02 -5.96115142e+01]
[ 3.40000000e+02  3.40500000e+02 -3.29502439e-03  3.45010109e+02
  3.36847887e+02 -5.93446009e+01]
[ 3.40500000e+02  3.41000000e+02 -2.67433882e-03  3.45291862e+02
  3.37031221e+02 -5.87649141e+01]
[ 3.40500000e+02  3.41000000e+02 -2.91762530e-03  3.45181808e+02
  3.37017574e+02 -5.85606191e+01]
[ 3.40500000e+02  3.41000000e+02 -3.32968473e-03  3.45568466e+02
  3.37086668e+02 -5.90226073e+01]
[ 3.40500000e+02  3.40500000e+02 -2.76629144e-03  3.45205307e+02
  3.36994314e+02 -5.86111117e+01]
[ 3.40500000e+02  3.40500000e+02 -3.02830146e-03  3.45805931e+02
  3.36926823e+02 -5.99337146e+01]
[ 3.40500000e+02  3.40500000e+02 -3.09021183e-03  3.45908890e+02
  3.36854696e+02 -5.97799066e+01]
[ 3.41500000e+02  3.40500000e+02 -3.09209566e-03  3.46002769e+02
  3.36944876e+02 -5.96738867e+01]
[ 3.41500000e+02  3.40500000e+02 -2.72037910e-03  3.46008072e+02
  3.36942558e+02 -5.96363917e+01]
[ 3.41500000e+02  3.40500000e+02 -2.94754561e-03  3.46053925e+02
  3.36887941e+02 -5.94854560e+01]
[ 3.41500000e+02  3.40000000e+02 -3.04541283e-03  3.46159210e+02
  3.36816959e+02 -5.94386403e+01]
[ 3.41500000e+02  3.41000000e+02 -2.58373376e-03  3.46356888e+02
  3.37091217e+02 -5.93331903e+01]
[ 3.41500000e+02  3.41000000e+02 -2.59707653e-03  3.46223755e+02
  3.37093992e+02 -5.88754658e+01]
[ 3.41500000e+02  3.40500000e+02 -2.97487888e-03  3.46277618e+02
  3.36629105e+02 -5.96519038e+01]
[ 3.41500000e+02  3.40500000e+02 -3.81465896e-03  3.46480751e+02
  3.36365891e+02 -5.91960791e+01]
[ 3.41500000e+02  3.40500000e+02 -2.87361321e-03  3.46629486e+02
  3.36922331e+02 -5.92814013e+01]
[ 3.41500000e+02  3.40500000e+02 -3.20720021e-03  3.46679459e+02
  3.36806717e+02 -5.96568771e+01]
[ 3.41500000e+02  3.40500000e+02 -3.25569126e-03  3.46677933e+02
  3.36869488e+02 -5.87059781e+01]
[ 3.41500000e+02  3.41000000e+02 -2.99953483e-03  3.46522942e+02
  3.37072420e+02 -5.85229062e+01]
[ 3.41500000e+02  3.40500000e+02 -3.35884420e-03  3.46672592e+02
  3.36912031e+02 -5.84484246e+01]
[ 3.41500000e+02  3.40500000e+02 -3.12396226e-03  3.46538811e+02
  3.36991396e+02 -5.92602007e+01]
[ 3.41500000e+02  3.40500000e+02 -3.23052413e-03  3.46539536e+02
  3.36879816e+02 -5.93099222e+01]
[ 3.41500000e+02  3.41000000e+02 -3.53950239e-03  3.46495056e+02
  3.37042294e+02 -5.92045784e+01]
[ 3.41500000e+02  3.41000000e+02 -2.90434167e-03  3.46281128e+02
  3.37010651e+02 -5.94539680e+01]
[ 3.41500000e+02  3.40500000e+02 -3.53060511e-03  3.46604805e+02
  3.36756248e+02 -5.99403251e+01]
[ 3.41500000e+02  3.40500000e+02 -3.31845030e-03  3.46465454e+02
  3.36986675e+02 -5.92202246e+01]
[ 3.41500000e+02  3.41000000e+02 -3.43702221e-03  3.46518974e+02
  3.37017145e+02 -5.93391135e+01]
[ 3.41500000e+02  3.41500000e+02 -3.05960869e-03  3.46321793e+02
  3.37202396e+02 -5.92621677e+01]
[ 3.41500000e+02  3.40500000e+02 -3.69673676e-03  3.46517868e+02
  3.36896009e+02 -5.91074266e+01]
[ 3.41500000e+02  3.40500000e+02 -3.41043895e-03  3.46220741e+02
  3.36663666e+02 -5.85110988e+01]
[ 3.41500000e+02  3.41000000e+02 -2.81644060e-03  3.46135178e+02
  3.37250633e+02 -5.84994648e+01]
[ 3.41500000e+02  3.41000000e+02 -3.35713231e-03  3.46240044e+02
  3.37022982e+02 -5.89824412e+01]
[ 3.41500000e+02  3.41000000e+02 -2.81689549e-03  3.46276016e+02
  3.37053938e+02 -5.90051394e+01]
[ 3.41500000e+02  3.41000000e+02 -2.68583692e-03  3.46433640e+02
  3.37123089e+02 -5.69259021e+01]
[ 3.41500000e+02  3.40500000e+02 -2.72329623e-03  3.46272278e+02
  3.36972942e+02 -5.69711365e+01]
[ 3.41500000e+02  3.41000000e+02 -2.83257343e-03  3.46374054e+02
  3.37202711e+02 -5.73616046e+01]
[ 3.41500000e+02  3.41000000e+02 -3.02878127e-03  3.46213226e+02
  3.37018719e+02 -5.80383372e+01]
[ 3.41500000e+02  3.41000000e+02 -2.94545316e-03  3.46316986e+02
  3.37286739e+02 -5.74732516e+01]
[ 3.41500000e+02  3.41000000e+02 -2.97261402e-03  3.46437302e+02
  3.37066326e+02 -5.76225780e+01]
[ 3.41500000e+02  3.41000000e+02 -2.99216161e-03  3.46365509e+02
  3.37125864e+02 -5.77041842e+01]
[ 3.42000000e+02  3.41000000e+02 -3.09110095e-03  3.46766357e+02
  3.37168550e+02 -5.86454719e+01]
[ 3.41500000e+02  3.40500000e+02 -3.43188492e-03  3.46599960e+02
  3.36782999e+02 -5.87300286e+01]
[ 3.41500000e+02  3.40500000e+02 -3.35999904e-03  3.46659393e+02
  3.36779995e+02 -5.91551587e+01]
[ 3.41500000e+02  3.40500000e+02 -3.36814480e-03  3.46521530e+02
  3.36889200e+02 -5.85594233e+01]
[ 3.41500000e+02  3.40500000e+02 -3.42560810e-03  3.46714783e+02
  3.36973572e+02 -5.84972352e+01]
[ 3.42000000e+02  3.41000000e+02 -3.41477757e-03  3.46945190e+02
  3.37023354e+02 -5.83982002e+01]
[ 3.42000000e+02  3.40500000e+02 -3.55013460e-03  3.46827545e+02
  3.36888971e+02 -5.82561884e+01]
[ 3.42000000e+02  3.41000000e+02 -3.05198052e-03  3.46724510e+02
  3.37095137e+02 -5.82290031e+01]
[ 3.41500000e+02  3.40500000e+02 -3.06164590e-03  3.46659241e+02
  3.36817160e+02 -5.87570574e+01]
[ 3.42500000e+02  3.40500000e+02 -3.11394740e-03  3.47047348e+02
  3.36951571e+02 -5.86105641e+01]
[ 3.42500000e+02  3.40500000e+02 -3.42649152e-03  3.47060814e+02
  3.36927652e+02 -5.76199964e+01]
[ 3.41500000e+02  3.41000000e+02 -2.87263613e-03  3.46695251e+02
  3.37131672e+02 -5.82373347e+01]
[ 3.42000000e+02  3.40500000e+02 -3.56324587e-03  3.46765785e+02
  3.36979637e+02 -5.83786424e+01]
[ 3.41500000e+02  3.40500000e+02 -3.61353601e-03  3.46540222e+02
  3.36894579e+02 -5.80206346e+01]
[ 3.42000000e+02  3.41000000e+02 -3.45732982e-03  3.46568947e+02
  3.37062635e+02 -5.78083377e+01]
[ 3.42000000e+02  3.41000000e+02 -3.22709145e-03  3.46782875e+02
  3.37339697e+02 -5.85004762e+01]
[ 3.41500000e+02  3.40500000e+02 -3.10049293e-03  3.46662445e+02
  3.36949253e+02 -5.86703159e+01]
